100
-10.000000 -11.000000 -12.000000 -13.000000 -14.000000 -15.000000 -16.000000 -17.000000 -18.000000 -19.000000 -20.000000 -21.000000 -22.000000 -23.000000 -24.000000 -25.000000 -26.000000 -27.000000 -28.000000 -29.000000 -30.000000 -31.000000 -32.000000 -33.000000 -34.000000 -35.000000 -36.000000 -37.000000 -38.000000 -39.000000 -40.000000 -41.000000 -42.000000 -43.000000 -44.000000 -45.000000 -46.000000 -47.000000 -48.000000 -49.000000 -50.000000 -51.000000 -52.000000 -53.000000 -54.000000 -55.000000 -56.000000 -57.000000 -58.000000 -59.000000 -60.000000 -61.000000 -62.000000 -63.000000 -64.000000 -65.000000 -66.000000 -67.000000 -68.000000 -69.000000 -70.000000 -71.000000 -72.000000 -73.000000 -74.000000 -75.000000 -76.000000 -77.000000 -78.000000 -79.000000 -80.000000 -81.000000 -82.000000 -83.000000 -84.000000 -85.000000 -86.000000 -87.000000 -88.000000 -89.000000 -90.000000 -91.000000 -92.000000 -93.000000 -94.000000 -95.000000 -96.000000 -97.000000 -98.000000 -99.000000 -100.000000 -101.000000 -102.000000 -103.000000 -104.000000 -105.000000 -106.000000 -107.000000 -108.000000 -109.000000 
-9.000000 -9.000000 -9.000000 -9.000000 -9.000000 -9.000000 -9.000000 -9.000000 -9.000000 -9.000000 -9.000000 -9.000000 -9.000000 -9.000000 -9.000000 -9.000000 -9.000000 -9.000000 -9.000000 -9.000000 -9.000000 -9.000000 -9.000000 -9.000000 -9.000000 -9.000000 -9.000000 -9.000000 -9.000000 -9.000000 -9.000000 -9.000000 -9.000000 -9.000000 -9.000000 -9.000000 -9.000000 -9.000000 -9.000000 -9.000000 -9.000000 -9.000000 -9.000000 -9.000000 -9.000000 -9.000000 -9.000000 -9.000000 -9.000000 -9.000000 -9.000000 -9.000000 -9.000000 -9.000000 -9.000000 -9.000000 -9.000000 -9.000000 -9.000000 -9.000000 -9.000000 -9.000000 -9.000000 -9.000000 -9.000000 -9.000000 -9.000000 -9.000000 -9.000000 -9.000000 -9.000000 -9.000000 -9.000000 -9.000000 -9.000000 -9.000000 -9.000000 -9.000000 -9.000000 -9.000000 -9.000000 -9.000000 -9.000000 -9.000000 -9.000000 -9.000000 -9.000000 -9.000000 -9.000000 -9.000000 -9.000000 -9.000000 -9.000000 -9.000000 -9.000000 -9.000000 -9.000000 -9.000000 -9.000000 -9.000000 
-8.000000 -7.000000 -6.000000 -5.000000 -4.000000 -3.000000 -2.000000 -1.000000 0.000000 1.000000 2.000000 3.000000 4.000000 5.000000 6.000000 7.000000 8.000000 9.000000 10.000000 11.000000 12.000000 13.000000 14.000000 15.000000 16.000000 17.000000 18.000000 19.000000 20.000000 21.000000 22.000000 23.000000 24.000000 25.000000 26.000000 27.000000 28.000000 29.000000 30.000000 31.000000 32.000000 33.000000 34.000000 35.000000 36.000000 37.000000 38.000000 39.000000 40.000000 41.000000 42.000000 43.000000 44.000000 45.000000 46.000000 47.000000 48.000000 49.000000 50.000000 51.000000 52.000000 53.000000 54.000000 55.000000 56.000000 57.000000 58.000000 59.000000 60.000000 61.000000 62.000000 63.000000 64.000000 65.000000 66.000000 67.000000 68.000000 69.000000 70.000000 71.000000 72.000000 73.000000 74.000000 75.000000 76.000000 77.000000 78.000000 79.000000 80.000000 81.000000 82.000000 83.000000 84.000000 85.000000 86.000000 87.000000 88.000000 89.000000 90.000000 91.000000 
-7.000000 -5.000000 -3.000000 -1.000000 1.000000 3.000000 5.000000 7.000000 9.000000 11.000000 13.000000 15.000000 17.000000 19.000000 21.000000 23.000000 25.000000 27.000000 29.000000 31.000000 33.000000 35.000000 37.000000 39.000000 41.000000 43.000000 45.000000 47.000000 49.000000 51.000000 53.000000 55.000000 57.000000 59.000000 61.000000 63.000000 65.000000 67.000000 69.000000 71.000000 73.000000 75.000000 77.000000 79.000000 81.000000 83.000000 85.000000 87.000000 89.000000 91.000000 93.000000 95.000000 97.000000 99.000000 101.000000 103.000000 105.000000 107.000000 109.000000 111.000000 113.000000 115.000000 117.000000 119.000000 121.000000 123.000000 125.000000 127.000000 129.000000 131.000000 133.000000 135.000000 137.000000 139.000000 141.000000 143.000000 145.000000 147.000000 149.000000 151.000000 153.000000 155.000000 157.000000 159.000000 161.000000 163.000000 165.000000 167.000000 169.000000 171.000000 173.000000 175.000000 177.000000 179.000000 181.000000 183.000000 185.000000 187.000000 189.000000 191.000000 
-6.000000 -3.000000 0.000000 3.000000 6.000000 9.000000 12.000000 15.000000 18.000000 21.000000 24.000000 27.000000 30.000000 33.000000 36.000000 39.000000 42.000000 45.000000 48.000000 51.000000 54.000000 57.000000 60.000000 63.000000 66.000000 69.000000 72.000000 75.000000 78.000000 81.000000 84.000000 87.000000 90.000000 93.000000 96.000000 99.000000 102.000000 105.000000 108.000000 111.000000 114.000000 117.000000 120.000000 123.000000 126.000000 129.000000 132.000000 135.000000 138.000000 141.000000 144.000000 147.000000 150.000000 153.000000 156.000000 159.000000 162.000000 165.000000 168.000000 171.000000 174.000000 177.000000 180.000000 183.000000 186.000000 189.000000 192.000000 195.000000 198.000000 201.000000 204.000000 207.000000 210.000000 213.000000 216.000000 219.000000 222.000000 225.000000 228.000000 231.000000 234.000000 237.000000 240.000000 243.000000 246.000000 249.000000 252.000000 255.000000 258.000000 261.000000 264.000000 267.000000 270.000000 273.000000 276.000000 279.000000 282.000000 285.000000 288.000000 291.000000 
-5.000000 -1.000000 3.000000 7.000000 11.000000 15.000000 19.000000 23.000000 27.000000 31.000000 35.000000 39.000000 43.000000 47.000000 51.000000 55.000000 59.000000 63.000000 67.000000 71.000000 75.000000 79.000000 83.000000 87.000000 91.000000 95.000000 99.000000 103.000000 107.000000 111.000000 115.000000 119.000000 123.000000 127.000000 131.000000 135.000000 139.000000 143.000000 147.000000 151.000000 155.000000 159.000000 163.000000 167.000000 171.000000 175.000000 179.000000 183.000000 187.000000 191.000000 195.000000 199.000000 203.000000 207.000000 211.000000 215.000000 219.000000 223.000000 227.000000 231.000000 235.000000 239.000000 243.000000 247.000000 251.000000 255.000000 259.000000 263.000000 267.000000 271.000000 275.000000 279.000000 283.000000 287.000000 291.000000 295.000000 299.000000 303.000000 307.000000 311.000000 315.000000 319.000000 323.000000 327.000000 331.000000 335.000000 339.000000 343.000000 347.000000 351.000000 355.000000 359.000000 363.000000 367.000000 371.000000 375.000000 379.000000 383.000000 387.000000 391.000000 
-4.000000 1.000000 6.000000 11.000000 16.000000 21.000000 26.000000 31.000000 36.000000 41.000000 46.000000 51.000000 56.000000 61.000000 66.000000 71.000000 76.000000 81.000000 86.000000 91.000000 96.000000 101.000000 106.000000 111.000000 116.000000 121.000000 126.000000 131.000000 136.000000 141.000000 146.000000 151.000000 156.000000 161.000000 166.000000 171.000000 176.000000 181.000000 186.000000 191.000000 196.000000 201.000000 206.000000 211.000000 216.000000 221.000000 226.000000 231.000000 236.000000 241.000000 246.000000 251.000000 256.000000 261.000000 266.000000 271.000000 276.000000 281.000000 286.000000 291.000000 296.000000 301.000000 306.000000 311.000000 316.000000 321.000000 326.000000 331.000000 336.000000 341.000000 346.000000 351.000000 356.000000 361.000000 366.000000 371.000000 376.000000 381.000000 386.000000 391.000000 396.000000 401.000000 406.000000 411.000000 416.000000 421.000000 426.000000 431.000000 436.000000 441.000000 446.000000 451.000000 456.000000 461.000000 466.000000 471.000000 476.000000 481.000000 486.000000 491.000000 
-3.000000 3.000000 9.000000 15.000000 21.000000 27.000000 33.000000 39.000000 45.000000 51.000000 57.000000 63.000000 69.000000 75.000000 81.000000 87.000000 93.000000 99.000000 105.000000 111.000000 117.000000 123.000000 129.000000 135.000000 141.000000 147.000000 153.000000 159.000000 165.000000 171.000000 177.000000 183.000000 189.000000 195.000000 201.000000 207.000000 213.000000 219.000000 225.000000 231.000000 237.000000 243.000000 249.000000 255.000000 261.000000 267.000000 273.000000 279.000000 285.000000 291.000000 297.000000 303.000000 309.000000 315.000000 321.000000 327.000000 333.000000 339.000000 345.000000 351.000000 357.000000 363.000000 369.000000 375.000000 381.000000 387.000000 393.000000 399.000000 405.000000 411.000000 417.000000 423.000000 429.000000 435.000000 441.000000 447.000000 453.000000 459.000000 465.000000 471.000000 477.000000 483.000000 489.000000 495.000000 501.000000 507.000000 513.000000 519.000000 525.000000 531.000000 537.000000 543.000000 549.000000 555.000000 561.000000 567.000000 573.000000 579.000000 585.000000 591.000000 
-2.000000 5.000000 12.000000 19.000000 26.000000 33.000000 40.000000 47.000000 54.000000 61.000000 68.000000 75.000000 82.000000 89.000000 96.000000 103.000000 110.000000 117.000000 124.000000 131.000000 138.000000 145.000000 152.000000 159.000000 166.000000 173.000000 180.000000 187.000000 194.000000 201.000000 208.000000 215.000000 222.000000 229.000000 236.000000 243.000000 250.000000 257.000000 264.000000 271.000000 278.000000 285.000000 292.000000 299.000000 306.000000 313.000000 320.000000 327.000000 334.000000 341.000000 348.000000 355.000000 362.000000 369.000000 376.000000 383.000000 390.000000 397.000000 404.000000 411.000000 418.000000 425.000000 432.000000 439.000000 446.000000 453.000000 460.000000 467.000000 474.000000 481.000000 488.000000 495.000000 502.000000 509.000000 516.000000 523.000000 530.000000 537.000000 544.000000 551.000000 558.000000 565.000000 572.000000 579.000000 586.000000 593.000000 600.000000 607.000000 614.000000 621.000000 628.000000 635.000000 642.000000 649.000000 656.000000 663.000000 670.000000 677.000000 684.000000 691.000000 
-1.000000 7.000000 15.000000 23.000000 31.000000 39.000000 47.000000 55.000000 63.000000 71.000000 79.000000 87.000000 95.000000 103.000000 111.000000 119.000000 127.000000 135.000000 143.000000 151.000000 159.000000 167.000000 175.000000 183.000000 191.000000 199.000000 207.000000 215.000000 223.000000 231.000000 239.000000 247.000000 255.000000 263.000000 271.000000 279.000000 287.000000 295.000000 303.000000 311.000000 319.000000 327.000000 335.000000 343.000000 351.000000 359.000000 367.000000 375.000000 383.000000 391.000000 399.000000 407.000000 415.000000 423.000000 431.000000 439.000000 447.000000 455.000000 463.000000 471.000000 479.000000 487.000000 495.000000 503.000000 511.000000 519.000000 527.000000 535.000000 543.000000 551.000000 559.000000 567.000000 575.000000 583.000000 591.000000 599.000000 607.000000 615.000000 623.000000 631.000000 639.000000 647.000000 655.000000 663.000000 671.000000 679.000000 687.000000 695.000000 703.000000 711.000000 719.000000 727.000000 735.000000 743.000000 751.000000 759.000000 767.000000 775.000000 783.000000 791.000000 
0.000000 9.000000 18.000000 27.000000 36.000000 45.000000 54.000000 63.000000 72.000000 81.000000 90.000000 99.000000 108.000000 117.000000 126.000000 135.000000 144.000000 153.000000 162.000000 171.000000 180.000000 189.000000 198.000000 207.000000 216.000000 225.000000 234.000000 243.000000 252.000000 261.000000 270.000000 279.000000 288.000000 297.000000 306.000000 315.000000 324.000000 333.000000 342.000000 351.000000 360.000000 369.000000 378.000000 387.000000 396.000000 405.000000 414.000000 423.000000 432.000000 441.000000 450.000000 459.000000 468.000000 477.000000 486.000000 495.000000 504.000000 513.000000 522.000000 531.000000 540.000000 549.000000 558.000000 567.000000 576.000000 585.000000 594.000000 603.000000 612.000000 621.000000 630.000000 639.000000 648.000000 657.000000 666.000000 675.000000 684.000000 693.000000 702.000000 711.000000 720.000000 729.000000 738.000000 747.000000 756.000000 765.000000 774.000000 783.000000 792.000000 801.000000 810.000000 819.000000 828.000000 837.000000 846.000000 855.000000 864.000000 873.000000 882.000000 891.000000 
1.000000 11.000000 21.000000 31.000000 41.000000 51.000000 61.000000 71.000000 81.000000 91.000000 101.000000 111.000000 121.000000 131.000000 141.000000 151.000000 161.000000 171.000000 181.000000 191.000000 201.000000 211.000000 221.000000 231.000000 241.000000 251.000000 261.000000 271.000000 281.000000 291.000000 301.000000 311.000000 321.000000 331.000000 341.000000 351.000000 361.000000 371.000000 381.000000 391.000000 401.000000 411.000000 421.000000 431.000000 441.000000 451.000000 461.000000 471.000000 481.000000 491.000000 501.000000 511.000000 521.000000 531.000000 541.000000 551.000000 561.000000 571.000000 581.000000 591.000000 601.000000 611.000000 621.000000 631.000000 641.000000 651.000000 661.000000 671.000000 681.000000 691.000000 701.000000 711.000000 721.000000 731.000000 741.000000 751.000000 761.000000 771.000000 781.000000 791.000000 801.000000 811.000000 821.000000 831.000000 841.000000 851.000000 861.000000 871.000000 881.000000 891.000000 901.000000 911.000000 921.000000 931.000000 941.000000 951.000000 961.000000 971.000000 981.000000 991.000000 
2.000000 13.000000 24.000000 35.000000 46.000000 57.000000 68.000000 79.000000 90.000000 101.000000 112.000000 123.000000 134.000000 145.000000 156.000000 167.000000 178.000000 189.000000 200.000000 211.000000 222.000000 233.000000 244.000000 255.000000 266.000000 277.000000 288.000000 299.000000 310.000000 321.000000 332.000000 343.000000 354.000000 365.000000 376.000000 387.000000 398.000000 409.000000 420.000000 431.000000 442.000000 453.000000 464.000000 475.000000 486.000000 497.000000 508.000000 519.000000 530.000000 541.000000 552.000000 563.000000 574.000000 585.000000 596.000000 607.000000 618.000000 629.000000 640.000000 651.000000 662.000000 673.000000 684.000000 695.000000 706.000000 717.000000 728.000000 739.000000 750.000000 761.000000 772.000000 783.000000 794.000000 805.000000 816.000000 827.000000 838.000000 849.000000 860.000000 871.000000 882.000000 893.000000 904.000000 915.000000 926.000000 937.000000 948.000000 959.000000 970.000000 981.000000 992.000000 1003.000000 1014.000000 1025.000000 1036.000000 1047.000000 1058.000000 1069.000000 1080.000000 1091.000000 
3.000000 15.000000 27.000000 39.000000 51.000000 63.000000 75.000000 87.000000 99.000000 111.000000 123.000000 135.000000 147.000000 159.000000 171.000000 183.000000 195.000000 207.000000 219.000000 231.000000 243.000000 255.000000 267.000000 279.000000 291.000000 303.000000 315.000000 327.000000 339.000000 351.000000 363.000000 375.000000 387.000000 399.000000 411.000000 423.000000 435.000000 447.000000 459.000000 471.000000 483.000000 495.000000 507.000000 519.000000 531.000000 543.000000 555.000000 567.000000 579.000000 591.000000 603.000000 615.000000 627.000000 639.000000 651.000000 663.000000 675.000000 687.000000 699.000000 711.000000 723.000000 735.000000 747.000000 759.000000 771.000000 783.000000 795.000000 807.000000 819.000000 831.000000 843.000000 855.000000 867.000000 879.000000 891.000000 903.000000 915.000000 927.000000 939.000000 951.000000 963.000000 975.000000 987.000000 999.000000 1011.000000 1023.000000 1035.000000 1047.000000 1059.000000 1071.000000 1083.000000 1095.000000 1107.000000 1119.000000 1131.000000 1143.000000 1155.000000 1167.000000 1179.000000 1191.000000 
4.000000 17.000000 30.000000 43.000000 56.000000 69.000000 82.000000 95.000000 108.000000 121.000000 134.000000 147.000000 160.000000 173.000000 186.000000 199.000000 212.000000 225.000000 238.000000 251.000000 264.000000 277.000000 290.000000 303.000000 316.000000 329.000000 342.000000 355.000000 368.000000 381.000000 394.000000 407.000000 420.000000 433.000000 446.000000 459.000000 472.000000 485.000000 498.000000 511.000000 524.000000 537.000000 550.000000 563.000000 576.000000 589.000000 602.000000 615.000000 628.000000 641.000000 654.000000 667.000000 680.000000 693.000000 706.000000 719.000000 732.000000 745.000000 758.000000 771.000000 784.000000 797.000000 810.000000 823.000000 836.000000 849.000000 862.000000 875.000000 888.000000 901.000000 914.000000 927.000000 940.000000 953.000000 966.000000 979.000000 992.000000 1005.000000 1018.000000 1031.000000 1044.000000 1057.000000 1070.000000 1083.000000 1096.000000 1109.000000 1122.000000 1135.000000 1148.000000 1161.000000 1174.000000 1187.000000 1200.000000 1213.000000 1226.000000 1239.000000 1252.000000 1265.000000 1278.000000 1291.000000 
5.000000 19.000000 33.000000 47.000000 61.000000 75.000000 89.000000 103.000000 117.000000 131.000000 145.000000 159.000000 173.000000 187.000000 201.000000 215.000000 229.000000 243.000000 257.000000 271.000000 285.000000 299.000000 313.000000 327.000000 341.000000 355.000000 369.000000 383.000000 397.000000 411.000000 425.000000 439.000000 453.000000 467.000000 481.000000 495.000000 509.000000 523.000000 537.000000 551.000000 565.000000 579.000000 593.000000 607.000000 621.000000 635.000000 649.000000 663.000000 677.000000 691.000000 705.000000 719.000000 733.000000 747.000000 761.000000 775.000000 789.000000 803.000000 817.000000 831.000000 845.000000 859.000000 873.000000 887.000000 901.000000 915.000000 929.000000 943.000000 957.000000 971.000000 985.000000 999.000000 1013.000000 1027.000000 1041.000000 1055.000000 1069.000000 1083.000000 1097.000000 1111.000000 1125.000000 1139.000000 1153.000000 1167.000000 1181.000000 1195.000000 1209.000000 1223.000000 1237.000000 1251.000000 1265.000000 1279.000000 1293.000000 1307.000000 1321.000000 1335.000000 1349.000000 1363.000000 1377.000000 1391.000000 
6.000000 21.000000 36.000000 51.000000 66.000000 81.000000 96.000000 111.000000 126.000000 141.000000 156.000000 171.000000 186.000000 201.000000 216.000000 231.000000 246.000000 261.000000 276.000000 291.000000 306.000000 321.000000 336.000000 351.000000 366.000000 381.000000 396.000000 411.000000 426.000000 441.000000 456.000000 471.000000 486.000000 501.000000 516.000000 531.000000 546.000000 561.000000 576.000000 591.000000 606.000000 621.000000 636.000000 651.000000 666.000000 681.000000 696.000000 711.000000 726.000000 741.000000 756.000000 771.000000 786.000000 801.000000 816.000000 831.000000 846.000000 861.000000 876.000000 891.000000 906.000000 921.000000 936.000000 951.000000 966.000000 981.000000 996.000000 1011.000000 1026.000000 1041.000000 1056.000000 1071.000000 1086.000000 1101.000000 1116.000000 1131.000000 1146.000000 1161.000000 1176.000000 1191.000000 1206.000000 1221.000000 1236.000000 1251.000000 1266.000000 1281.000000 1296.000000 1311.000000 1326.000000 1341.000000 1356.000000 1371.000000 1386.000000 1401.000000 1416.000000 1431.000000 1446.000000 1461.000000 1476.000000 1491.000000 
7.000000 23.000000 39.000000 55.000000 71.000000 87.000000 103.000000 119.000000 135.000000 151.000000 167.000000 183.000000 199.000000 215.000000 231.000000 247.000000 263.000000 279.000000 295.000000 311.000000 327.000000 343.000000 359.000000 375.000000 391.000000 407.000000 423.000000 439.000000 455.000000 471.000000 487.000000 503.000000 519.000000 535.000000 551.000000 567.000000 583.000000 599.000000 615.000000 631.000000 647.000000 663.000000 679.000000 695.000000 711.000000 727.000000 743.000000 759.000000 775.000000 791.000000 807.000000 823.000000 839.000000 855.000000 871.000000 887.000000 903.000000 919.000000 935.000000 951.000000 967.000000 983.000000 999.000000 1015.000000 1031.000000 1047.000000 1063.000000 1079.000000 1095.000000 1111.000000 1127.000000 1143.000000 1159.000000 1175.000000 1191.000000 1207.000000 1223.000000 1239.000000 1255.000000 1271.000000 1287.000000 1303.000000 1319.000000 1335.000000 1351.000000 1367.000000 1383.000000 1399.000000 1415.000000 1431.000000 1447.000000 1463.000000 1479.000000 1495.000000 1511.000000 1527.000000 1543.000000 1559.000000 1575.000000 1591.000000 
8.000000 25.000000 42.000000 59.000000 76.000000 93.000000 110.000000 127.000000 144.000000 161.000000 178.000000 195.000000 212.000000 229.000000 246.000000 263.000000 280.000000 297.000000 314.000000 331.000000 348.000000 365.000000 382.000000 399.000000 416.000000 433.000000 450.000000 467.000000 484.000000 501.000000 518.000000 535.000000 552.000000 569.000000 586.000000 603.000000 620.000000 637.000000 654.000000 671.000000 688.000000 705.000000 722.000000 739.000000 756.000000 773.000000 790.000000 807.000000 824.000000 841.000000 858.000000 875.000000 892.000000 909.000000 926.000000 943.000000 960.000000 977.000000 994.000000 1011.000000 1028.000000 1045.000000 1062.000000 1079.000000 1096.000000 1113.000000 1130.000000 1147.000000 1164.000000 1181.000000 1198.000000 1215.000000 1232.000000 1249.000000 1266.000000 1283.000000 1300.000000 1317.000000 1334.000000 1351.000000 1368.000000 1385.000000 1402.000000 1419.000000 1436.000000 1453.000000 1470.000000 1487.000000 1504.000000 1521.000000 1538.000000 1555.000000 1572.000000 1589.000000 1606.000000 1623.000000 1640.000000 1657.000000 1674.000000 1691.000000 
9.000000 27.000000 45.000000 63.000000 81.000000 99.000000 117.000000 135.000000 153.000000 171.000000 189.000000 207.000000 225.000000 243.000000 261.000000 279.000000 297.000000 315.000000 333.000000 351.000000 369.000000 387.000000 405.000000 423.000000 441.000000 459.000000 477.000000 495.000000 513.000000 531.000000 549.000000 567.000000 585.000000 603.000000 621.000000 639.000000 657.000000 675.000000 693.000000 711.000000 729.000000 747.000000 765.000000 783.000000 801.000000 819.000000 837.000000 855.000000 873.000000 891.000000 909.000000 927.000000 945.000000 963.000000 981.000000 999.000000 1017.000000 1035.000000 1053.000000 1071.000000 1089.000000 1107.000000 1125.000000 1143.000000 1161.000000 1179.000000 1197.000000 1215.000000 1233.000000 1251.000000 1269.000000 1287.000000 1305.000000 1323.000000 1341.000000 1359.000000 1377.000000 1395.000000 1413.000000 1431.000000 1449.000000 1467.000000 1485.000000 1503.000000 1521.000000 1539.000000 1557.000000 1575.000000 1593.000000 1611.000000 1629.000000 1647.000000 1665.000000 1683.000000 1701.000000 1719.000000 1737.000000 1755.000000 1773.000000 1791.000000 
10.000000 29.000000 48.000000 67.000000 86.000000 105.000000 124.000000 143.000000 162.000000 181.000000 200.000000 219.000000 238.000000 257.000000 276.000000 295.000000 314.000000 333.000000 352.000000 371.000000 390.000000 409.000000 428.000000 447.000000 466.000000 485.000000 504.000000 523.000000 542.000000 561.000000 580.000000 599.000000 618.000000 637.000000 656.000000 675.000000 694.000000 713.000000 732.000000 751.000000 770.000000 789.000000 808.000000 827.000000 846.000000 865.000000 884.000000 903.000000 922.000000 941.000000 960.000000 979.000000 998.000000 1017.000000 1036.000000 1055.000000 1074.000000 1093.000000 1112.000000 1131.000000 1150.000000 1169.000000 1188.000000 1207.000000 1226.000000 1245.000000 1264.000000 1283.000000 1302.000000 1321.000000 1340.000000 1359.000000 1378.000000 1397.000000 1416.000000 1435.000000 1454.000000 1473.000000 1492.000000 1511.000000 1530.000000 1549.000000 1568.000000 1587.000000 1606.000000 1625.000000 1644.000000 1663.000000 1682.000000 1701.000000 1720.000000 1739.000000 1758.000000 1777.000000 1796.000000 1815.000000 1834.000000 1853.000000 1872.000000 1891.000000 
11.000000 31.000000 51.000000 71.000000 91.000000 111.000000 131.000000 151.000000 171.000000 191.000000 211.000000 231.000000 251.000000 271.000000 291.000000 311.000000 331.000000 351.000000 371.000000 391.000000 411.000000 431.000000 451.000000 471.000000 491.000000 511.000000 531.000000 551.000000 571.000000 591.000000 611.000000 631.000000 651.000000 671.000000 691.000000 711.000000 731.000000 751.000000 771.000000 791.000000 811.000000 831.000000 851.000000 871.000000 891.000000 911.000000 931.000000 951.000000 971.000000 991.000000 1011.000000 1031.000000 1051.000000 1071.000000 1091.000000 1111.000000 1131.000000 1151.000000 1171.000000 1191.000000 1211.000000 1231.000000 1251.000000 1271.000000 1291.000000 1311.000000 1331.000000 1351.000000 1371.000000 1391.000000 1411.000000 1431.000000 1451.000000 1471.000000 1491.000000 1511.000000 1531.000000 1551.000000 1571.000000 1591.000000 1611.000000 1631.000000 1651.000000 1671.000000 1691.000000 1711.000000 1731.000000 1751.000000 1771.000000 1791.000000 1811.000000 1831.000000 1851.000000 1871.000000 1891.000000 1911.000000 1931.000000 1951.000000 1971.000000 1991.000000 
12.000000 33.000000 54.000000 75.000000 96.000000 117.000000 138.000000 159.000000 180.000000 201.000000 222.000000 243.000000 264.000000 285.000000 306.000000 327.000000 348.000000 369.000000 390.000000 411.000000 432.000000 453.000000 474.000000 495.000000 516.000000 537.000000 558.000000 579.000000 600.000000 621.000000 642.000000 663.000000 684.000000 705.000000 726.000000 747.000000 768.000000 789.000000 810.000000 831.000000 852.000000 873.000000 894.000000 915.000000 936.000000 957.000000 978.000000 999.000000 1020.000000 1041.000000 1062.000000 1083.000000 1104.000000 1125.000000 1146.000000 1167.000000 1188.000000 1209.000000 1230.000000 1251.000000 1272.000000 1293.000000 1314.000000 1335.000000 1356.000000 1377.000000 1398.000000 1419.000000 1440.000000 1461.000000 1482.000000 1503.000000 1524.000000 1545.000000 1566.000000 1587.000000 1608.000000 1629.000000 1650.000000 1671.000000 1692.000000 1713.000000 1734.000000 1755.000000 1776.000000 1797.000000 1818.000000 1839.000000 1860.000000 1881.000000 1902.000000 1923.000000 1944.000000 1965.000000 1986.000000 2007.000000 2028.000000 2049.000000 2070.000000 2091.000000 
13.000000 35.000000 57.000000 79.000000 101.000000 123.000000 145.000000 167.000000 189.000000 211.000000 233.000000 255.000000 277.000000 299.000000 321.000000 343.000000 365.000000 387.000000 409.000000 431.000000 453.000000 475.000000 497.000000 519.000000 541.000000 563.000000 585.000000 607.000000 629.000000 651.000000 673.000000 695.000000 717.000000 739.000000 761.000000 783.000000 805.000000 827.000000 849.000000 871.000000 893.000000 915.000000 937.000000 959.000000 981.000000 1003.000000 1025.000000 1047.000000 1069.000000 1091.000000 1113.000000 1135.000000 1157.000000 1179.000000 1201.000000 1223.000000 1245.000000 1267.000000 1289.000000 1311.000000 1333.000000 1355.000000 1377.000000 1399.000000 1421.000000 1443.000000 1465.000000 1487.000000 1509.000000 1531.000000 1553.000000 1575.000000 1597.000000 1619.000000 1641.000000 1663.000000 1685.000000 1707.000000 1729.000000 1751.000000 1773.000000 1795.000000 1817.000000 1839.000000 1861.000000 1883.000000 1905.000000 1927.000000 1949.000000 1971.000000 1993.000000 2015.000000 2037.000000 2059.000000 2081.000000 2103.000000 2125.000000 2147.000000 2169.000000 2191.000000 
14.000000 37.000000 60.000000 83.000000 106.000000 129.000000 152.000000 175.000000 198.000000 221.000000 244.000000 267.000000 290.000000 313.000000 336.000000 359.000000 382.000000 405.000000 428.000000 451.000000 474.000000 497.000000 520.000000 543.000000 566.000000 589.000000 612.000000 635.000000 658.000000 681.000000 704.000000 727.000000 750.000000 773.000000 796.000000 819.000000 842.000000 865.000000 888.000000 911.000000 934.000000 957.000000 980.000000 1003.000000 1026.000000 1049.000000 1072.000000 1095.000000 1118.000000 1141.000000 1164.000000 1187.000000 1210.000000 1233.000000 1256.000000 1279.000000 1302.000000 1325.000000 1348.000000 1371.000000 1394.000000 1417.000000 1440.000000 1463.000000 1486.000000 1509.000000 1532.000000 1555.000000 1578.000000 1601.000000 1624.000000 1647.000000 1670.000000 1693.000000 1716.000000 1739.000000 1762.000000 1785.000000 1808.000000 1831.000000 1854.000000 1877.000000 1900.000000 1923.000000 1946.000000 1969.000000 1992.000000 2015.000000 2038.000000 2061.000000 2084.000000 2107.000000 2130.000000 2153.000000 2176.000000 2199.000000 2222.000000 2245.000000 2268.000000 2291.000000 
15.000000 39.000000 63.000000 87.000000 111.000000 135.000000 159.000000 183.000000 207.000000 231.000000 255.000000 279.000000 303.000000 327.000000 351.000000 375.000000 399.000000 423.000000 447.000000 471.000000 495.000000 519.000000 543.000000 567.000000 591.000000 615.000000 639.000000 663.000000 687.000000 711.000000 735.000000 759.000000 783.000000 807.000000 831.000000 855.000000 879.000000 903.000000 927.000000 951.000000 975.000000 999.000000 1023.000000 1047.000000 1071.000000 1095.000000 1119.000000 1143.000000 1167.000000 1191.000000 1215.000000 1239.000000 1263.000000 1287.000000 1311.000000 1335.000000 1359.000000 1383.000000 1407.000000 1431.000000 1455.000000 1479.000000 1503.000000 1527.000000 1551.000000 1575.000000 1599.000000 1623.000000 1647.000000 1671.000000 1695.000000 1719.000000 1743.000000 1767.000000 1791.000000 1815.000000 1839.000000 1863.000000 1887.000000 1911.000000 1935.000000 1959.000000 1983.000000 2007.000000 2031.000000 2055.000000 2079.000000 2103.000000 2127.000000 2151.000000 2175.000000 2199.000000 2223.000000 2247.000000 2271.000000 2295.000000 2319.000000 2343.000000 2367.000000 2391.000000 
16.000000 41.000000 66.000000 91.000000 116.000000 141.000000 166.000000 191.000000 216.000000 241.000000 266.000000 291.000000 316.000000 341.000000 366.000000 391.000000 416.000000 441.000000 466.000000 491.000000 516.000000 541.000000 566.000000 591.000000 616.000000 641.000000 666.000000 691.000000 716.000000 741.000000 766.000000 791.000000 816.000000 841.000000 866.000000 891.000000 916.000000 941.000000 966.000000 991.000000 1016.000000 1041.000000 1066.000000 1091.000000 1116.000000 1141.000000 1166.000000 1191.000000 1216.000000 1241.000000 1266.000000 1291.000000 1316.000000 1341.000000 1366.000000 1391.000000 1416.000000 1441.000000 1466.000000 1491.000000 1516.000000 1541.000000 1566.000000 1591.000000 1616.000000 1641.000000 1666.000000 1691.000000 1716.000000 1741.000000 1766.000000 1791.000000 1816.000000 1841.000000 1866.000000 1891.000000 1916.000000 1941.000000 1966.000000 1991.000000 2016.000000 2041.000000 2066.000000 2091.000000 2116.000000 2141.000000 2166.000000 2191.000000 2216.000000 2241.000000 2266.000000 2291.000000 2316.000000 2341.000000 2366.000000 2391.000000 2416.000000 2441.000000 2466.000000 2491.000000 
17.000000 43.000000 69.000000 95.000000 121.000000 147.000000 173.000000 199.000000 225.000000 251.000000 277.000000 303.000000 329.000000 355.000000 381.000000 407.000000 433.000000 459.000000 485.000000 511.000000 537.000000 563.000000 589.000000 615.000000 641.000000 667.000000 693.000000 719.000000 745.000000 771.000000 797.000000 823.000000 849.000000 875.000000 901.000000 927.000000 953.000000 979.000000 1005.000000 1031.000000 1057.000000 1083.000000 1109.000000 1135.000000 1161.000000 1187.000000 1213.000000 1239.000000 1265.000000 1291.000000 1317.000000 1343.000000 1369.000000 1395.000000 1421.000000 1447.000000 1473.000000 1499.000000 1525.000000 1551.000000 1577.000000 1603.000000 1629.000000 1655.000000 1681.000000 1707.000000 1733.000000 1759.000000 1785.000000 1811.000000 1837.000000 1863.000000 1889.000000 1915.000000 1941.000000 1967.000000 1993.000000 2019.000000 2045.000000 2071.000000 2097.000000 2123.000000 2149.000000 2175.000000 2201.000000 2227.000000 2253.000000 2279.000000 2305.000000 2331.000000 2357.000000 2383.000000 2409.000000 2435.000000 2461.000000 2487.000000 2513.000000 2539.000000 2565.000000 2591.000000 
18.000000 45.000000 72.000000 99.000000 126.000000 153.000000 180.000000 207.000000 234.000000 261.000000 288.000000 315.000000 342.000000 369.000000 396.000000 423.000000 450.000000 477.000000 504.000000 531.000000 558.000000 585.000000 612.000000 639.000000 666.000000 693.000000 720.000000 747.000000 774.000000 801.000000 828.000000 855.000000 882.000000 909.000000 936.000000 963.000000 990.000000 1017.000000 1044.000000 1071.000000 1098.000000 1125.000000 1152.000000 1179.000000 1206.000000 1233.000000 1260.000000 1287.000000 1314.000000 1341.000000 1368.000000 1395.000000 1422.000000 1449.000000 1476.000000 1503.000000 1530.000000 1557.000000 1584.000000 1611.000000 1638.000000 1665.000000 1692.000000 1719.000000 1746.000000 1773.000000 1800.000000 1827.000000 1854.000000 1881.000000 1908.000000 1935.000000 1962.000000 1989.000000 2016.000000 2043.000000 2070.000000 2097.000000 2124.000000 2151.000000 2178.000000 2205.000000 2232.000000 2259.000000 2286.000000 2313.000000 2340.000000 2367.000000 2394.000000 2421.000000 2448.000000 2475.000000 2502.000000 2529.000000 2556.000000 2583.000000 2610.000000 2637.000000 2664.000000 2691.000000 
19.000000 47.000000 75.000000 103.000000 131.000000 159.000000 187.000000 215.000000 243.000000 271.000000 299.000000 327.000000 355.000000 383.000000 411.000000 439.000000 467.000000 495.000000 523.000000 551.000000 579.000000 607.000000 635.000000 663.000000 691.000000 719.000000 747.000000 775.000000 803.000000 831.000000 859.000000 887.000000 915.000000 943.000000 971.000000 999.000000 1027.000000 1055.000000 1083.000000 1111.000000 1139.000000 1167.000000 1195.000000 1223.000000 1251.000000 1279.000000 1307.000000 1335.000000 1363.000000 1391.000000 1419.000000 1447.000000 1475.000000 1503.000000 1531.000000 1559.000000 1587.000000 1615.000000 1643.000000 1671.000000 1699.000000 1727.000000 1755.000000 1783.000000 1811.000000 1839.000000 1867.000000 1895.000000 1923.000000 1951.000000 1979.000000 2007.000000 2035.000000 2063.000000 2091.000000 2119.000000 2147.000000 2175.000000 2203.000000 2231.000000 2259.000000 2287.000000 2315.000000 2343.000000 2371.000000 2399.000000 2427.000000 2455.000000 2483.000000 2511.000000 2539.000000 2567.000000 2595.000000 2623.000000 2651.000000 2679.000000 2707.000000 2735.000000 2763.000000 2791.000000 
20.000000 49.000000 78.000000 107.000000 136.000000 165.000000 194.000000 223.000000 252.000000 281.000000 310.000000 339.000000 368.000000 397.000000 426.000000 455.000000 484.000000 513.000000 542.000000 571.000000 600.000000 629.000000 658.000000 687.000000 716.000000 745.000000 774.000000 803.000000 832.000000 861.000000 890.000000 919.000000 948.000000 977.000000 1006.000000 1035.000000 1064.000000 1093.000000 1122.000000 1151.000000 1180.000000 1209.000000 1238.000000 1267.000000 1296.000000 1325.000000 1354.000000 1383.000000 1412.000000 1441.000000 1470.000000 1499.000000 1528.000000 1557.000000 1586.000000 1615.000000 1644.000000 1673.000000 1702.000000 1731.000000 1760.000000 1789.000000 1818.000000 1847.000000 1876.000000 1905.000000 1934.000000 1963.000000 1992.000000 2021.000000 2050.000000 2079.000000 2108.000000 2137.000000 2166.000000 2195.000000 2224.000000 2253.000000 2282.000000 2311.000000 2340.000000 2369.000000 2398.000000 2427.000000 2456.000000 2485.000000 2514.000000 2543.000000 2572.000000 2601.000000 2630.000000 2659.000000 2688.000000 2717.000000 2746.000000 2775.000000 2804.000000 2833.000000 2862.000000 2891.000000 
21.000000 51.000000 81.000000 111.000000 141.000000 171.000000 201.000000 231.000000 261.000000 291.000000 321.000000 351.000000 381.000000 411.000000 441.000000 471.000000 501.000000 531.000000 561.000000 591.000000 621.000000 651.000000 681.000000 711.000000 741.000000 771.000000 801.000000 831.000000 861.000000 891.000000 921.000000 951.000000 981.000000 1011.000000 1041.000000 1071.000000 1101.000000 1131.000000 1161.000000 1191.000000 1221.000000 1251.000000 1281.000000 1311.000000 1341.000000 1371.000000 1401.000000 1431.000000 1461.000000 1491.000000 1521.000000 1551.000000 1581.000000 1611.000000 1641.000000 1671.000000 1701.000000 1731.000000 1761.000000 1791.000000 1821.000000 1851.000000 1881.000000 1911.000000 1941.000000 1971.000000 2001.000000 2031.000000 2061.000000 2091.000000 2121.000000 2151.000000 2181.000000 2211.000000 2241.000000 2271.000000 2301.000000 2331.000000 2361.000000 2391.000000 2421.000000 2451.000000 2481.000000 2511.000000 2541.000000 2571.000000 2601.000000 2631.000000 2661.000000 2691.000000 2721.000000 2751.000000 2781.000000 2811.000000 2841.000000 2871.000000 2901.000000 2931.000000 2961.000000 2991.000000 
22.000000 53.000000 84.000000 115.000000 146.000000 177.000000 208.000000 239.000000 270.000000 301.000000 332.000000 363.000000 394.000000 425.000000 456.000000 487.000000 518.000000 549.000000 580.000000 611.000000 642.000000 673.000000 704.000000 735.000000 766.000000 797.000000 828.000000 859.000000 890.000000 921.000000 952.000000 983.000000 1014.000000 1045.000000 1076.000000 1107.000000 1138.000000 1169.000000 1200.000000 1231.000000 1262.000000 1293.000000 1324.000000 1355.000000 1386.000000 1417.000000 1448.000000 1479.000000 1510.000000 1541.000000 1572.000000 1603.000000 1634.000000 1665.000000 1696.000000 1727.000000 1758.000000 1789.000000 1820.000000 1851.000000 1882.000000 1913.000000 1944.000000 1975.000000 2006.000000 2037.000000 2068.000000 2099.000000 2130.000000 2161.000000 2192.000000 2223.000000 2254.000000 2285.000000 2316.000000 2347.000000 2378.000000 2409.000000 2440.000000 2471.000000 2502.000000 2533.000000 2564.000000 2595.000000 2626.000000 2657.000000 2688.000000 2719.000000 2750.000000 2781.000000 2812.000000 2843.000000 2874.000000 2905.000000 2936.000000 2967.000000 2998.000000 3029.000000 3060.000000 3091.000000 
23.000000 55.000000 87.000000 119.000000 151.000000 183.000000 215.000000 247.000000 279.000000 311.000000 343.000000 375.000000 407.000000 439.000000 471.000000 503.000000 535.000000 567.000000 599.000000 631.000000 663.000000 695.000000 727.000000 759.000000 791.000000 823.000000 855.000000 887.000000 919.000000 951.000000 983.000000 1015.000000 1047.000000 1079.000000 1111.000000 1143.000000 1175.000000 1207.000000 1239.000000 1271.000000 1303.000000 1335.000000 1367.000000 1399.000000 1431.000000 1463.000000 1495.000000 1527.000000 1559.000000 1591.000000 1623.000000 1655.000000 1687.000000 1719.000000 1751.000000 1783.000000 1815.000000 1847.000000 1879.000000 1911.000000 1943.000000 1975.000000 2007.000000 2039.000000 2071.000000 2103.000000 2135.000000 2167.000000 2199.000000 2231.000000 2263.000000 2295.000000 2327.000000 2359.000000 2391.000000 2423.000000 2455.000000 2487.000000 2519.000000 2551.000000 2583.000000 2615.000000 2647.000000 2679.000000 2711.000000 2743.000000 2775.000000 2807.000000 2839.000000 2871.000000 2903.000000 2935.000000 2967.000000 2999.000000 3031.000000 3063.000000 3095.000000 3127.000000 3159.000000 3191.000000 
24.000000 57.000000 90.000000 123.000000 156.000000 189.000000 222.000000 255.000000 288.000000 321.000000 354.000000 387.000000 420.000000 453.000000 486.000000 519.000000 552.000000 585.000000 618.000000 651.000000 684.000000 717.000000 750.000000 783.000000 816.000000 849.000000 882.000000 915.000000 948.000000 981.000000 1014.000000 1047.000000 1080.000000 1113.000000 1146.000000 1179.000000 1212.000000 1245.000000 1278.000000 1311.000000 1344.000000 1377.000000 1410.000000 1443.000000 1476.000000 1509.000000 1542.000000 1575.000000 1608.000000 1641.000000 1674.000000 1707.000000 1740.000000 1773.000000 1806.000000 1839.000000 1872.000000 1905.000000 1938.000000 1971.000000 2004.000000 2037.000000 2070.000000 2103.000000 2136.000000 2169.000000 2202.000000 2235.000000 2268.000000 2301.000000 2334.000000 2367.000000 2400.000000 2433.000000 2466.000000 2499.000000 2532.000000 2565.000000 2598.000000 2631.000000 2664.000000 2697.000000 2730.000000 2763.000000 2796.000000 2829.000000 2862.000000 2895.000000 2928.000000 2961.000000 2994.000000 3027.000000 3060.000000 3093.000000 3126.000000 3159.000000 3192.000000 3225.000000 3258.000000 3291.000000 
