100
0.000000 0.000000 0.000000 0.000000 0.000000 0.000000 0.000000 0.000000 0.000000 0.000000 0.000000 0.000000 0.000000 0.000000 0.000000 0.000000 0.000000 0.000000 0.000000 0.000000 0.000000 0.000000 0.000000 0.000000 0.000000 0.000000 0.000000 0.000000 0.000000 0.000000 0.000000 0.000000 0.000000 0.000000 0.000000 0.000000 0.000000 0.000000 0.000000 0.000000 0.000000 0.000000 0.000000 0.000000 0.000000 0.000000 0.000000 0.000000 0.000000 0.000000 0.000000 0.000000 0.000000 0.000000 0.000000 0.000000 0.000000 0.000000 0.000000 0.000000 0.000000 0.000000 0.000000 0.000000 0.000000 0.000000 0.000000 0.000000 0.000000 0.000000 0.000000 0.000000 0.000000 0.000000 0.000000 0.000000 0.000000 0.000000 0.000000 0.000000 0.000000 0.000000 0.000000 0.000000 0.000000 0.000000 0.000000 0.000000 0.000000 0.000000 0.000000 0.000000 0.000000 0.000000 0.000000 0.000000 0.000000 0.000000 0.000000 0.000000 
0.000000 1.000000 2.000000 3.000000 4.000000 5.000000 6.000000 7.000000 8.000000 9.000000 10.000000 11.000000 12.000000 13.000000 14.000000 15.000000 16.000000 17.000000 18.000000 19.000000 20.000000 21.000000 22.000000 23.000000 24.000000 25.000000 26.000000 27.000000 28.000000 29.000000 30.000000 31.000000 32.000000 33.000000 34.000000 35.000000 36.000000 37.000000 38.000000 39.000000 40.000000 41.000000 42.000000 43.000000 44.000000 45.000000 46.000000 47.000000 48.000000 49.000000 50.000000 51.000000 52.000000 53.000000 54.000000 55.000000 56.000000 57.000000 58.000000 59.000000 60.000000 61.000000 62.000000 63.000000 64.000000 65.000000 66.000000 67.000000 68.000000 69.000000 70.000000 71.000000 72.000000 73.000000 74.000000 75.000000 76.000000 77.000000 78.000000 79.000000 80.000000 81.000000 82.000000 83.000000 84.000000 85.000000 86.000000 87.000000 88.000000 89.000000 90.000000 91.000000 92.000000 93.000000 94.000000 95.000000 96.000000 97.000000 98.000000 99.000000 
0.000000 2.000000 4.000000 6.000000 8.000000 10.000000 12.000000 14.000000 16.000000 18.000000 20.000000 22.000000 24.000000 26.000000 28.000000 30.000000 32.000000 34.000000 36.000000 38.000000 40.000000 42.000000 44.000000 46.000000 48.000000 50.000000 52.000000 54.000000 56.000000 58.000000 60.000000 62.000000 64.000000 66.000000 68.000000 70.000000 72.000000 74.000000 76.000000 78.000000 80.000000 82.000000 84.000000 86.000000 88.000000 90.000000 92.000000 94.000000 96.000000 98.000000 100.000000 102.000000 104.000000 106.000000 108.000000 110.000000 112.000000 114.000000 116.000000 118.000000 120.000000 122.000000 124.000000 126.000000 128.000000 130.000000 132.000000 134.000000 136.000000 138.000000 140.000000 142.000000 144.000000 146.000000 148.000000 150.000000 152.000000 154.000000 156.000000 158.000000 160.000000 162.000000 164.000000 166.000000 168.000000 170.000000 172.000000 174.000000 176.000000 178.000000 180.000000 182.000000 184.000000 186.000000 188.000000 190.000000 192.000000 194.000000 196.000000 198.000000 
0.000000 3.000000 6.000000 9.000000 12.000000 15.000000 18.000000 21.000000 24.000000 27.000000 30.000000 33.000000 36.000000 39.000000 42.000000 45.000000 48.000000 51.000000 54.000000 57.000000 60.000000 63.000000 66.000000 69.000000 72.000000 75.000000 78.000000 81.000000 84.000000 87.000000 90.000000 93.000000 96.000000 99.000000 102.000000 105.000000 108.000000 111.000000 114.000000 117.000000 120.000000 123.000000 126.000000 129.000000 132.000000 135.000000 138.000000 141.000000 144.000000 147.000000 150.000000 153.000000 156.000000 159.000000 162.000000 165.000000 168.000000 171.000000 174.000000 177.000000 180.000000 183.000000 186.000000 189.000000 192.000000 195.000000 198.000000 201.000000 204.000000 207.000000 210.000000 213.000000 216.000000 219.000000 222.000000 225.000000 228.000000 231.000000 234.000000 237.000000 240.000000 243.000000 246.000000 249.000000 252.000000 255.000000 258.000000 261.000000 264.000000 267.000000 270.000000 273.000000 276.000000 279.000000 282.000000 285.000000 288.000000 291.000000 294.000000 297.000000 
0.000000 4.000000 8.000000 12.000000 16.000000 20.000000 24.000000 28.000000 32.000000 36.000000 40.000000 44.000000 48.000000 52.000000 56.000000 60.000000 64.000000 68.000000 72.000000 76.000000 80.000000 84.000000 88.000000 92.000000 96.000000 100.000000 104.000000 108.000000 112.000000 116.000000 120.000000 124.000000 128.000000 132.000000 136.000000 140.000000 144.000000 148.000000 152.000000 156.000000 160.000000 164.000000 168.000000 172.000000 176.000000 180.000000 184.000000 188.000000 192.000000 196.000000 200.000000 204.000000 208.000000 212.000000 216.000000 220.000000 224.000000 228.000000 232.000000 236.000000 240.000000 244.000000 248.000000 252.000000 256.000000 260.000000 264.000000 268.000000 272.000000 276.000000 280.000000 284.000000 288.000000 292.000000 296.000000 300.000000 304.000000 308.000000 312.000000 316.000000 320.000000 324.000000 328.000000 332.000000 336.000000 340.000000 344.000000 348.000000 352.000000 356.000000 360.000000 364.000000 368.000000 372.000000 376.000000 380.000000 384.000000 388.000000 392.000000 396.000000 
0.000000 5.000000 10.000000 15.000000 20.000000 25.000000 30.000000 35.000000 40.000000 45.000000 50.000000 55.000000 60.000000 65.000000 70.000000 75.000000 80.000000 85.000000 90.000000 95.000000 100.000000 105.000000 110.000000 115.000000 120.000000 125.000000 130.000000 135.000000 140.000000 145.000000 150.000000 155.000000 160.000000 165.000000 170.000000 175.000000 180.000000 185.000000 190.000000 195.000000 200.000000 205.000000 210.000000 215.000000 220.000000 225.000000 230.000000 235.000000 240.000000 245.000000 250.000000 255.000000 260.000000 265.000000 270.000000 275.000000 280.000000 285.000000 290.000000 295.000000 300.000000 305.000000 310.000000 315.000000 320.000000 325.000000 330.000000 335.000000 340.000000 345.000000 350.000000 355.000000 360.000000 365.000000 370.000000 375.000000 380.000000 385.000000 390.000000 395.000000 400.000000 405.000000 410.000000 415.000000 420.000000 425.000000 430.000000 435.000000 440.000000 445.000000 450.000000 455.000000 460.000000 465.000000 470.000000 475.000000 480.000000 485.000000 490.000000 495.000000 
0.000000 6.000000 12.000000 18.000000 24.000000 30.000000 36.000000 42.000000 48.000000 54.000000 60.000000 66.000000 72.000000 78.000000 84.000000 90.000000 96.000000 102.000000 108.000000 114.000000 120.000000 126.000000 132.000000 138.000000 144.000000 150.000000 156.000000 162.000000 168.000000 174.000000 180.000000 186.000000 192.000000 198.000000 204.000000 210.000000 216.000000 222.000000 228.000000 234.000000 240.000000 246.000000 252.000000 258.000000 264.000000 270.000000 276.000000 282.000000 288.000000 294.000000 300.000000 306.000000 312.000000 318.000000 324.000000 330.000000 336.000000 342.000000 348.000000 354.000000 360.000000 366.000000 372.000000 378.000000 384.000000 390.000000 396.000000 402.000000 408.000000 414.000000 420.000000 426.000000 432.000000 438.000000 444.000000 450.000000 456.000000 462.000000 468.000000 474.000000 480.000000 486.000000 492.000000 498.000000 504.000000 510.000000 516.000000 522.000000 528.000000 534.000000 540.000000 546.000000 552.000000 558.000000 564.000000 570.000000 576.000000 582.000000 588.000000 594.000000 
0.000000 7.000000 14.000000 21.000000 28.000000 35.000000 42.000000 49.000000 56.000000 63.000000 70.000000 77.000000 84.000000 91.000000 98.000000 105.000000 112.000000 119.000000 126.000000 133.000000 140.000000 147.000000 154.000000 161.000000 168.000000 175.000000 182.000000 189.000000 196.000000 203.000000 210.000000 217.000000 224.000000 231.000000 238.000000 245.000000 252.000000 259.000000 266.000000 273.000000 280.000000 287.000000 294.000000 301.000000 308.000000 315.000000 322.000000 329.000000 336.000000 343.000000 350.000000 357.000000 364.000000 371.000000 378.000000 385.000000 392.000000 399.000000 406.000000 413.000000 420.000000 427.000000 434.000000 441.000000 448.000000 455.000000 462.000000 469.000000 476.000000 483.000000 490.000000 497.000000 504.000000 511.000000 518.000000 525.000000 532.000000 539.000000 546.000000 553.000000 560.000000 567.000000 574.000000 581.000000 588.000000 595.000000 602.000000 609.000000 616.000000 623.000000 630.000000 637.000000 644.000000 651.000000 658.000000 665.000000 672.000000 679.000000 686.000000 693.000000 
0.000000 8.000000 16.000000 24.000000 32.000000 40.000000 48.000000 56.000000 64.000000 72.000000 80.000000 88.000000 96.000000 104.000000 112.000000 120.000000 128.000000 136.000000 144.000000 152.000000 160.000000 168.000000 176.000000 184.000000 192.000000 200.000000 208.000000 216.000000 224.000000 232.000000 240.000000 248.000000 256.000000 264.000000 272.000000 280.000000 288.000000 296.000000 304.000000 312.000000 320.000000 328.000000 336.000000 344.000000 352.000000 360.000000 368.000000 376.000000 384.000000 392.000000 400.000000 408.000000 416.000000 424.000000 432.000000 440.000000 448.000000 456.000000 464.000000 472.000000 480.000000 488.000000 496.000000 504.000000 512.000000 520.000000 528.000000 536.000000 544.000000 552.000000 560.000000 568.000000 576.000000 584.000000 592.000000 600.000000 608.000000 616.000000 624.000000 632.000000 640.000000 648.000000 656.000000 664.000000 672.000000 680.000000 688.000000 696.000000 704.000000 712.000000 720.000000 728.000000 736.000000 744.000000 752.000000 760.000000 768.000000 776.000000 784.000000 792.000000 
0.000000 9.000000 18.000000 27.000000 36.000000 45.000000 54.000000 63.000000 72.000000 81.000000 90.000000 99.000000 108.000000 117.000000 126.000000 135.000000 144.000000 153.000000 162.000000 171.000000 180.000000 189.000000 198.000000 207.000000 216.000000 225.000000 234.000000 243.000000 252.000000 261.000000 270.000000 279.000000 288.000000 297.000000 306.000000 315.000000 324.000000 333.000000 342.000000 351.000000 360.000000 369.000000 378.000000 387.000000 396.000000 405.000000 414.000000 423.000000 432.000000 441.000000 450.000000 459.000000 468.000000 477.000000 486.000000 495.000000 504.000000 513.000000 522.000000 531.000000 540.000000 549.000000 558.000000 567.000000 576.000000 585.000000 594.000000 603.000000 612.000000 621.000000 630.000000 639.000000 648.000000 657.000000 666.000000 675.000000 684.000000 693.000000 702.000000 711.000000 720.000000 729.000000 738.000000 747.000000 756.000000 765.000000 774.000000 783.000000 792.000000 801.000000 810.000000 819.000000 828.000000 837.000000 846.000000 855.000000 864.000000 873.000000 882.000000 891.000000 
0.000000 10.000000 20.000000 30.000000 40.000000 50.000000 60.000000 70.000000 80.000000 90.000000 100.000000 110.000000 120.000000 130.000000 140.000000 150.000000 160.000000 170.000000 180.000000 190.000000 200.000000 210.000000 220.000000 230.000000 240.000000 250.000000 260.000000 270.000000 280.000000 290.000000 300.000000 310.000000 320.000000 330.000000 340.000000 350.000000 360.000000 370.000000 380.000000 390.000000 400.000000 410.000000 420.000000 430.000000 440.000000 450.000000 460.000000 470.000000 480.000000 490.000000 500.000000 510.000000 520.000000 530.000000 540.000000 550.000000 560.000000 570.000000 580.000000 590.000000 600.000000 610.000000 620.000000 630.000000 640.000000 650.000000 660.000000 670.000000 680.000000 690.000000 700.000000 710.000000 720.000000 730.000000 740.000000 750.000000 760.000000 770.000000 780.000000 790.000000 800.000000 810.000000 820.000000 830.000000 840.000000 850.000000 860.000000 870.000000 880.000000 890.000000 900.000000 910.000000 920.000000 930.000000 940.000000 950.000000 960.000000 970.000000 980.000000 990.000000 
0.000000 11.000000 22.000000 33.000000 44.000000 55.000000 66.000000 77.000000 88.000000 99.000000 110.000000 121.000000 132.000000 143.000000 154.000000 165.000000 176.000000 187.000000 198.000000 209.000000 220.000000 231.000000 242.000000 253.000000 264.000000 275.000000 286.000000 297.000000 308.000000 319.000000 330.000000 341.000000 352.000000 363.000000 374.000000 385.000000 396.000000 407.000000 418.000000 429.000000 440.000000 451.000000 462.000000 473.000000 484.000000 495.000000 506.000000 517.000000 528.000000 539.000000 550.000000 561.000000 572.000000 583.000000 594.000000 605.000000 616.000000 627.000000 638.000000 649.000000 660.000000 671.000000 682.000000 693.000000 704.000000 715.000000 726.000000 737.000000 748.000000 759.000000 770.000000 781.000000 792.000000 803.000000 814.000000 825.000000 836.000000 847.000000 858.000000 869.000000 880.000000 891.000000 902.000000 913.000000 924.000000 935.000000 946.000000 957.000000 968.000000 979.000000 990.000000 1001.000000 1012.000000 1023.000000 1034.000000 1045.000000 1056.000000 1067.000000 1078.000000 1089.000000 
0.000000 12.000000 24.000000 36.000000 48.000000 60.000000 72.000000 84.000000 96.000000 108.000000 120.000000 132.000000 144.000000 156.000000 168.000000 180.000000 192.000000 204.000000 216.000000 228.000000 240.000000 252.000000 264.000000 276.000000 288.000000 300.000000 312.000000 324.000000 336.000000 348.000000 360.000000 372.000000 384.000000 396.000000 408.000000 420.000000 432.000000 444.000000 456.000000 468.000000 480.000000 492.000000 504.000000 516.000000 528.000000 540.000000 552.000000 564.000000 576.000000 588.000000 600.000000 612.000000 624.000000 636.000000 648.000000 660.000000 672.000000 684.000000 696.000000 708.000000 720.000000 732.000000 744.000000 756.000000 768.000000 780.000000 792.000000 804.000000 816.000000 828.000000 840.000000 852.000000 864.000000 876.000000 888.000000 900.000000 912.000000 924.000000 936.000000 948.000000 960.000000 972.000000 984.000000 996.000000 1008.000000 1020.000000 1032.000000 1044.000000 1056.000000 1068.000000 1080.000000 1092.000000 1104.000000 1116.000000 1128.000000 1140.000000 1152.000000 1164.000000 1176.000000 1188.000000 
0.000000 13.000000 26.000000 39.000000 52.000000 65.000000 78.000000 91.000000 104.000000 117.000000 130.000000 143.000000 156.000000 169.000000 182.000000 195.000000 208.000000 221.000000 234.000000 247.000000 260.000000 273.000000 286.000000 299.000000 312.000000 325.000000 338.000000 351.000000 364.000000 377.000000 390.000000 403.000000 416.000000 429.000000 442.000000 455.000000 468.000000 481.000000 494.000000 507.000000 520.000000 533.000000 546.000000 559.000000 572.000000 585.000000 598.000000 611.000000 624.000000 637.000000 650.000000 663.000000 676.000000 689.000000 702.000000 715.000000 728.000000 741.000000 754.000000 767.000000 780.000000 793.000000 806.000000 819.000000 832.000000 845.000000 858.000000 871.000000 884.000000 897.000000 910.000000 923.000000 936.000000 949.000000 962.000000 975.000000 988.000000 1001.000000 1014.000000 1027.000000 1040.000000 1053.000000 1066.000000 1079.000000 1092.000000 1105.000000 1118.000000 1131.000000 1144.000000 1157.000000 1170.000000 1183.000000 1196.000000 1209.000000 1222.000000 1235.000000 1248.000000 1261.000000 1274.000000 1287.000000 
0.000000 14.000000 28.000000 42.000000 56.000000 70.000000 84.000000 98.000000 112.000000 126.000000 140.000000 154.000000 168.000000 182.000000 196.000000 210.000000 224.000000 238.000000 252.000000 266.000000 280.000000 294.000000 308.000000 322.000000 336.000000 350.000000 364.000000 378.000000 392.000000 406.000000 420.000000 434.000000 448.000000 462.000000 476.000000 490.000000 504.000000 518.000000 532.000000 546.000000 560.000000 574.000000 588.000000 602.000000 616.000000 630.000000 644.000000 658.000000 672.000000 686.000000 700.000000 714.000000 728.000000 742.000000 756.000000 770.000000 784.000000 798.000000 812.000000 826.000000 840.000000 854.000000 868.000000 882.000000 896.000000 910.000000 924.000000 938.000000 952.000000 966.000000 980.000000 994.000000 1008.000000 1022.000000 1036.000000 1050.000000 1064.000000 1078.000000 1092.000000 1106.000000 1120.000000 1134.000000 1148.000000 1162.000000 1176.000000 1190.000000 1204.000000 1218.000000 1232.000000 1246.000000 1260.000000 1274.000000 1288.000000 1302.000000 1316.000000 1330.000000 1344.000000 1358.000000 1372.000000 1386.000000 
0.000000 15.000000 30.000000 45.000000 60.000000 75.000000 90.000000 105.000000 120.000000 135.000000 150.000000 165.000000 180.000000 195.000000 210.000000 225.000000 240.000000 255.000000 270.000000 285.000000 300.000000 315.000000 330.000000 345.000000 360.000000 375.000000 390.000000 405.000000 420.000000 435.000000 450.000000 465.000000 480.000000 495.000000 510.000000 525.000000 540.000000 555.000000 570.000000 585.000000 600.000000 615.000000 630.000000 645.000000 660.000000 675.000000 690.000000 705.000000 720.000000 735.000000 750.000000 765.000000 780.000000 795.000000 810.000000 825.000000 840.000000 855.000000 870.000000 885.000000 900.000000 915.000000 930.000000 945.000000 960.000000 975.000000 990.000000 1005.000000 1020.000000 1035.000000 1050.000000 1065.000000 1080.000000 1095.000000 1110.000000 1125.000000 1140.000000 1155.000000 1170.000000 1185.000000 1200.000000 1215.000000 1230.000000 1245.000000 1260.000000 1275.000000 1290.000000 1305.000000 1320.000000 1335.000000 1350.000000 1365.000000 1380.000000 1395.000000 1410.000000 1425.000000 1440.000000 1455.000000 1470.000000 1485.000000 
0.000000 16.000000 32.000000 48.000000 64.000000 80.000000 96.000000 112.000000 128.000000 144.000000 160.000000 176.000000 192.000000 208.000000 224.000000 240.000000 256.000000 272.000000 288.000000 304.000000 320.000000 336.000000 352.000000 368.000000 384.000000 400.000000 416.000000 432.000000 448.000000 464.000000 480.000000 496.000000 512.000000 528.000000 544.000000 560.000000 576.000000 592.000000 608.000000 624.000000 640.000000 656.000000 672.000000 688.000000 704.000000 720.000000 736.000000 752.000000 768.000000 784.000000 800.000000 816.000000 832.000000 848.000000 864.000000 880.000000 896.000000 912.000000 928.000000 944.000000 960.000000 976.000000 992.000000 1008.000000 1024.000000 1040.000000 1056.000000 1072.000000 1088.000000 1104.000000 1120.000000 1136.000000 1152.000000 1168.000000 1184.000000 1200.000000 1216.000000 1232.000000 1248.000000 1264.000000 1280.000000 1296.000000 1312.000000 1328.000000 1344.000000 1360.000000 1376.000000 1392.000000 1408.000000 1424.000000 1440.000000 1456.000000 1472.000000 1488.000000 1504.000000 1520.000000 1536.000000 1552.000000 1568.000000 1584.000000 
0.000000 17.000000 34.000000 51.000000 68.000000 85.000000 102.000000 119.000000 136.000000 153.000000 170.000000 187.000000 204.000000 221.000000 238.000000 255.000000 272.000000 289.000000 306.000000 323.000000 340.000000 357.000000 374.000000 391.000000 408.000000 425.000000 442.000000 459.000000 476.000000 493.000000 510.000000 527.000000 544.000000 561.000000 578.000000 595.000000 612.000000 629.000000 646.000000 663.000000 680.000000 697.000000 714.000000 731.000000 748.000000 765.000000 782.000000 799.000000 816.000000 833.000000 850.000000 867.000000 884.000000 901.000000 918.000000 935.000000 952.000000 969.000000 986.000000 1003.000000 1020.000000 1037.000000 1054.000000 1071.000000 1088.000000 1105.000000 1122.000000 1139.000000 1156.000000 1173.000000 1190.000000 1207.000000 1224.000000 1241.000000 1258.000000 1275.000000 1292.000000 1309.000000 1326.000000 1343.000000 1360.000000 1377.000000 1394.000000 1411.000000 1428.000000 1445.000000 1462.000000 1479.000000 1496.000000 1513.000000 1530.000000 1547.000000 1564.000000 1581.000000 1598.000000 1615.000000 1632.000000 1649.000000 1666.000000 1683.000000 
0.000000 18.000000 36.000000 54.000000 72.000000 90.000000 108.000000 126.000000 144.000000 162.000000 180.000000 198.000000 216.000000 234.000000 252.000000 270.000000 288.000000 306.000000 324.000000 342.000000 360.000000 378.000000 396.000000 414.000000 432.000000 450.000000 468.000000 486.000000 504.000000 522.000000 540.000000 558.000000 576.000000 594.000000 612.000000 630.000000 648.000000 666.000000 684.000000 702.000000 720.000000 738.000000 756.000000 774.000000 792.000000 810.000000 828.000000 846.000000 864.000000 882.000000 900.000000 918.000000 936.000000 954.000000 972.000000 990.000000 1008.000000 1026.000000 1044.000000 1062.000000 1080.000000 1098.000000 1116.000000 1134.000000 1152.000000 1170.000000 1188.000000 1206.000000 1224.000000 1242.000000 1260.000000 1278.000000 1296.000000 1314.000000 1332.000000 1350.000000 1368.000000 1386.000000 1404.000000 1422.000000 1440.000000 1458.000000 1476.000000 1494.000000 1512.000000 1530.000000 1548.000000 1566.000000 1584.000000 1602.000000 1620.000000 1638.000000 1656.000000 1674.000000 1692.000000 1710.000000 1728.000000 1746.000000 1764.000000 1782.000000 
0.000000 19.000000 38.000000 57.000000 76.000000 95.000000 114.000000 133.000000 152.000000 171.000000 190.000000 209.000000 228.000000 247.000000 266.000000 285.000000 304.000000 323.000000 342.000000 361.000000 380.000000 399.000000 418.000000 437.000000 456.000000 475.000000 494.000000 513.000000 532.000000 551.000000 570.000000 589.000000 608.000000 627.000000 646.000000 665.000000 684.000000 703.000000 722.000000 741.000000 760.000000 779.000000 798.000000 817.000000 836.000000 855.000000 874.000000 893.000000 912.000000 931.000000 950.000000 969.000000 988.000000 1007.000000 1026.000000 1045.000000 1064.000000 1083.000000 1102.000000 1121.000000 1140.000000 1159.000000 1178.000000 1197.000000 1216.000000 1235.000000 1254.000000 1273.000000 1292.000000 1311.000000 1330.000000 1349.000000 1368.000000 1387.000000 1406.000000 1425.000000 1444.000000 1463.000000 1482.000000 1501.000000 1520.000000 1539.000000 1558.000000 1577.000000 1596.000000 1615.000000 1634.000000 1653.000000 1672.000000 1691.000000 1710.000000 1729.000000 1748.000000 1767.000000 1786.000000 1805.000000 1824.000000 1843.000000 1862.000000 1881.000000 
0.000000 20.000000 40.000000 60.000000 80.000000 100.000000 120.000000 140.000000 160.000000 180.000000 200.000000 220.000000 240.000000 260.000000 280.000000 300.000000 320.000000 340.000000 360.000000 380.000000 400.000000 420.000000 440.000000 460.000000 480.000000 500.000000 520.000000 540.000000 560.000000 580.000000 600.000000 620.000000 640.000000 660.000000 680.000000 700.000000 720.000000 740.000000 760.000000 780.000000 800.000000 820.000000 840.000000 860.000000 880.000000 900.000000 920.000000 940.000000 960.000000 980.000000 1000.000000 1020.000000 1040.000000 1060.000000 1080.000000 1100.000000 1120.000000 1140.000000 1160.000000 1180.000000 1200.000000 1220.000000 1240.000000 1260.000000 1280.000000 1300.000000 1320.000000 1340.000000 1360.000000 1380.000000 1400.000000 1420.000000 1440.000000 1460.000000 1480.000000 1500.000000 1520.000000 1540.000000 1560.000000 1580.000000 1600.000000 1620.000000 1640.000000 1660.000000 1680.000000 1700.000000 1720.000000 1740.000000 1760.000000 1780.000000 1800.000000 1820.000000 1840.000000 1860.000000 1880.000000 1900.000000 1920.000000 1940.000000 1960.000000 1980.000000 
0.000000 21.000000 42.000000 63.000000 84.000000 105.000000 126.000000 147.000000 168.000000 189.000000 210.000000 231.000000 252.000000 273.000000 294.000000 315.000000 336.000000 357.000000 378.000000 399.000000 420.000000 441.000000 462.000000 483.000000 504.000000 525.000000 546.000000 567.000000 588.000000 609.000000 630.000000 651.000000 672.000000 693.000000 714.000000 735.000000 756.000000 777.000000 798.000000 819.000000 840.000000 861.000000 882.000000 903.000000 924.000000 945.000000 966.000000 987.000000 1008.000000 1029.000000 1050.000000 1071.000000 1092.000000 1113.000000 1134.000000 1155.000000 1176.000000 1197.000000 1218.000000 1239.000000 1260.000000 1281.000000 1302.000000 1323.000000 1344.000000 1365.000000 1386.000000 1407.000000 1428.000000 1449.000000 1470.000000 1491.000000 1512.000000 1533.000000 1554.000000 1575.000000 1596.000000 1617.000000 1638.000000 1659.000000 1680.000000 1701.000000 1722.000000 1743.000000 1764.000000 1785.000000 1806.000000 1827.000000 1848.000000 1869.000000 1890.000000 1911.000000 1932.000000 1953.000000 1974.000000 1995.000000 2016.000000 2037.000000 2058.000000 2079.000000 
0.000000 22.000000 44.000000 66.000000 88.000000 110.000000 132.000000 154.000000 176.000000 198.000000 220.000000 242.000000 264.000000 286.000000 308.000000 330.000000 352.000000 374.000000 396.000000 418.000000 440.000000 462.000000 484.000000 506.000000 528.000000 550.000000 572.000000 594.000000 616.000000 638.000000 660.000000 682.000000 704.000000 726.000000 748.000000 770.000000 792.000000 814.000000 836.000000 858.000000 880.000000 902.000000 924.000000 946.000000 968.000000 990.000000 1012.000000 1034.000000 1056.000000 1078.000000 1100.000000 1122.000000 1144.000000 1166.000000 1188.000000 1210.000000 1232.000000 1254.000000 1276.000000 1298.000000 1320.000000 1342.000000 1364.000000 1386.000000 1408.000000 1430.000000 1452.000000 1474.000000 1496.000000 1518.000000 1540.000000 1562.000000 1584.000000 1606.000000 1628.000000 1650.000000 1672.000000 1694.000000 1716.000000 1738.000000 1760.000000 1782.000000 1804.000000 1826.000000 1848.000000 1870.000000 1892.000000 1914.000000 1936.000000 1958.000000 1980.000000 2002.000000 2024.000000 2046.000000 2068.000000 2090.000000 2112.000000 2134.000000 2156.000000 2178.000000 
0.000000 23.000000 46.000000 69.000000 92.000000 115.000000 138.000000 161.000000 184.000000 207.000000 230.000000 253.000000 276.000000 299.000000 322.000000 345.000000 368.000000 391.000000 414.000000 437.000000 460.000000 483.000000 506.000000 529.000000 552.000000 575.000000 598.000000 621.000000 644.000000 667.000000 690.000000 713.000000 736.000000 759.000000 782.000000 805.000000 828.000000 851.000000 874.000000 897.000000 920.000000 943.000000 966.000000 989.000000 1012.000000 1035.000000 1058.000000 1081.000000 1104.000000 1127.000000 1150.000000 1173.000000 1196.000000 1219.000000 1242.000000 1265.000000 1288.000000 1311.000000 1334.000000 1357.000000 1380.000000 1403.000000 1426.000000 1449.000000 1472.000000 1495.000000 1518.000000 1541.000000 1564.000000 1587.000000 1610.000000 1633.000000 1656.000000 1679.000000 1702.000000 1725.000000 1748.000000 1771.000000 1794.000000 1817.000000 1840.000000 1863.000000 1886.000000 1909.000000 1932.000000 1955.000000 1978.000000 2001.000000 2024.000000 2047.000000 2070.000000 2093.000000 2116.000000 2139.000000 2162.000000 2185.000000 2208.000000 2231.000000 2254.000000 2277.000000 
0.000000 24.000000 48.000000 72.000000 96.000000 120.000000 144.000000 168.000000 192.000000 216.000000 240.000000 264.000000 288.000000 312.000000 336.000000 360.000000 384.000000 408.000000 432.000000 456.000000 480.000000 504.000000 528.000000 552.000000 576.000000 600.000000 624.000000 648.000000 672.000000 696.000000 720.000000 744.000000 768.000000 792.000000 816.000000 840.000000 864.000000 888.000000 912.000000 936.000000 960.000000 984.000000 1008.000000 1032.000000 1056.000000 1080.000000 1104.000000 1128.000000 1152.000000 1176.000000 1200.000000 1224.000000 1248.000000 1272.000000 1296.000000 1320.000000 1344.000000 1368.000000 1392.000000 1416.000000 1440.000000 1464.000000 1488.000000 1512.000000 1536.000000 1560.000000 1584.000000 1608.000000 1632.000000 1656.000000 1680.000000 1704.000000 1728.000000 1752.000000 1776.000000 1800.000000 1824.000000 1848.000000 1872.000000 1896.000000 1920.000000 1944.000000 1968.000000 1992.000000 2016.000000 2040.000000 2064.000000 2088.000000 2112.000000 2136.000000 2160.000000 2184.000000 2208.000000 2232.000000 2256.000000 2280.000000 2304.000000 2328.000000 2352.000000 2376.000000 
0.000000 25.000000 50.000000 75.000000 100.000000 125.000000 150.000000 175.000000 200.000000 225.000000 250.000000 275.000000 300.000000 325.000000 350.000000 375.000000 400.000000 425.000000 450.000000 475.000000 500.000000 525.000000 550.000000 575.000000 600.000000 625.000000 650.000000 675.000000 700.000000 725.000000 750.000000 775.000000 800.000000 825.000000 850.000000 875.000000 900.000000 925.000000 950.000000 975.000000 1000.000000 1025.000000 1050.000000 1075.000000 1100.000000 1125.000000 1150.000000 1175.000000 1200.000000 1225.000000 1250.000000 1275.000000 1300.000000 1325.000000 1350.000000 1375.000000 1400.000000 1425.000000 1450.000000 1475.000000 1500.000000 1525.000000 1550.000000 1575.000000 1600.000000 1625.000000 1650.000000 1675.000000 1700.000000 1725.000000 1750.000000 1775.000000 1800.000000 1825.000000 1850.000000 1875.000000 1900.000000 1925.000000 1950.000000 1975.000000 2000.000000 2025.000000 2050.000000 2075.000000 2100.000000 2125.000000 2150.000000 2175.000000 2200.000000 2225.000000 2250.000000 2275.000000 2300.000000 2325.000000 2350.000000 2375.000000 2400.000000 2425.000000 2450.000000 2475.000000 
0.000000 26.000000 52.000000 78.000000 104.000000 130.000000 156.000000 182.000000 208.000000 234.000000 260.000000 286.000000 312.000000 338.000000 364.000000 390.000000 416.000000 442.000000 468.000000 494.000000 520.000000 546.000000 572.000000 598.000000 624.000000 650.000000 676.000000 702.000000 728.000000 754.000000 780.000000 806.000000 832.000000 858.000000 884.000000 910.000000 936.000000 962.000000 988.000000 1014.000000 1040.000000 1066.000000 1092.000000 1118.000000 1144.000000 1170.000000 1196.000000 1222.000000 1248.000000 1274.000000 1300.000000 1326.000000 1352.000000 1378.000000 1404.000000 1430.000000 1456.000000 1482.000000 1508.000000 1534.000000 1560.000000 1586.000000 1612.000000 1638.000000 1664.000000 1690.000000 1716.000000 1742.000000 1768.000000 1794.000000 1820.000000 1846.000000 1872.000000 1898.000000 1924.000000 1950.000000 1976.000000 2002.000000 2028.000000 2054.000000 2080.000000 2106.000000 2132.000000 2158.000000 2184.000000 2210.000000 2236.000000 2262.000000 2288.000000 2314.000000 2340.000000 2366.000000 2392.000000 2418.000000 2444.000000 2470.000000 2496.000000 2522.000000 2548.000000 2574.000000 
0.000000 27.000000 54.000000 81.000000 108.000000 135.000000 162.000000 189.000000 216.000000 243.000000 270.000000 297.000000 324.000000 351.000000 378.000000 405.000000 432.000000 459.000000 486.000000 513.000000 540.000000 567.000000 594.000000 621.000000 648.000000 675.000000 702.000000 729.000000 756.000000 783.000000 810.000000 837.000000 864.000000 891.000000 918.000000 945.000000 972.000000 999.000000 1026.000000 1053.000000 1080.000000 1107.000000 1134.000000 1161.000000 1188.000000 1215.000000 1242.000000 1269.000000 1296.000000 1323.000000 1350.000000 1377.000000 1404.000000 1431.000000 1458.000000 1485.000000 1512.000000 1539.000000 1566.000000 1593.000000 1620.000000 1647.000000 1674.000000 1701.000000 1728.000000 1755.000000 1782.000000 1809.000000 1836.000000 1863.000000 1890.000000 1917.000000 1944.000000 1971.000000 1998.000000 2025.000000 2052.000000 2079.000000 2106.000000 2133.000000 2160.000000 2187.000000 2214.000000 2241.000000 2268.000000 2295.000000 2322.000000 2349.000000 2376.000000 2403.000000 2430.000000 2457.000000 2484.000000 2511.000000 2538.000000 2565.000000 2592.000000 2619.000000 2646.000000 2673.000000 
0.000000 28.000000 56.000000 84.000000 112.000000 140.000000 168.000000 196.000000 224.000000 252.000000 280.000000 308.000000 336.000000 364.000000 392.000000 420.000000 448.000000 476.000000 504.000000 532.000000 560.000000 588.000000 616.000000 644.000000 672.000000 700.000000 728.000000 756.000000 784.000000 812.000000 840.000000 868.000000 896.000000 924.000000 952.000000 980.000000 1008.000000 1036.000000 1064.000000 1092.000000 1120.000000 1148.000000 1176.000000 1204.000000 1232.000000 1260.000000 1288.000000 1316.000000 1344.000000 1372.000000 1400.000000 1428.000000 1456.000000 1484.000000 1512.000000 1540.000000 1568.000000 1596.000000 1624.000000 1652.000000 1680.000000 1708.000000 1736.000000 1764.000000 1792.000000 1820.000000 1848.000000 1876.000000 1904.000000 1932.000000 1960.000000 1988.000000 2016.000000 2044.000000 2072.000000 2100.000000 2128.000000 2156.000000 2184.000000 2212.000000 2240.000000 2268.000000 2296.000000 2324.000000 2352.000000 2380.000000 2408.000000 2436.000000 2464.000000 2492.000000 2520.000000 2548.000000 2576.000000 2604.000000 2632.000000 2660.000000 2688.000000 2716.000000 2744.000000 2772.000000 
0.000000 29.000000 58.000000 87.000000 116.000000 145.000000 174.000000 203.000000 232.000000 261.000000 290.000000 319.000000 348.000000 377.000000 406.000000 435.000000 464.000000 493.000000 522.000000 551.000000 580.000000 609.000000 638.000000 667.000000 696.000000 725.000000 754.000000 783.000000 812.000000 841.000000 870.000000 899.000000 928.000000 957.000000 986.000000 1015.000000 1044.000000 1073.000000 1102.000000 1131.000000 1160.000000 1189.000000 1218.000000 1247.000000 1276.000000 1305.000000 1334.000000 1363.000000 1392.000000 1421.000000 1450.000000 1479.000000 1508.000000 1537.000000 1566.000000 1595.000000 1624.000000 1653.000000 1682.000000 1711.000000 1740.000000 1769.000000 1798.000000 1827.000000 1856.000000 1885.000000 1914.000000 1943.000000 1972.000000 2001.000000 2030.000000 2059.000000 2088.000000 2117.000000 2146.000000 2175.000000 2204.000000 2233.000000 2262.000000 2291.000000 2320.000000 2349.000000 2378.000000 2407.000000 2436.000000 2465.000000 2494.000000 2523.000000 2552.000000 2581.000000 2610.000000 2639.000000 2668.000000 2697.000000 2726.000000 2755.000000 2784.000000 2813.000000 2842.000000 2871.000000 
0.000000 30.000000 60.000000 90.000000 120.000000 150.000000 180.000000 210.000000 240.000000 270.000000 300.000000 330.000000 360.000000 390.000000 420.000000 450.000000 480.000000 510.000000 540.000000 570.000000 600.000000 630.000000 660.000000 690.000000 720.000000 750.000000 780.000000 810.000000 840.000000 870.000000 900.000000 930.000000 960.000000 990.000000 1020.000000 1050.000000 1080.000000 1110.000000 1140.000000 1170.000000 1200.000000 1230.000000 1260.000000 1290.000000 1320.000000 1350.000000 1380.000000 1410.000000 1440.000000 1470.000000 1500.000000 1530.000000 1560.000000 1590.000000 1620.000000 1650.000000 1680.000000 1710.000000 1740.000000 1770.000000 1800.000000 1830.000000 1860.000000 1890.000000 1920.000000 1950.000000 1980.000000 2010.000000 2040.000000 2070.000000 2100.000000 2130.000000 2160.000000 2190.000000 2220.000000 2250.000000 2280.000000 2310.000000 2340.000000 2370.000000 2400.000000 2430.000000 2460.000000 2490.000000 2520.000000 2550.000000 2580.000000 2610.000000 2640.000000 2670.000000 2700.000000 2730.000000 2760.000000 2790.000000 2820.000000 2850.000000 2880.000000 2910.000000 2940.000000 2970.000000 
0.000000 31.000000 62.000000 93.000000 124.000000 155.000000 186.000000 217.000000 248.000000 279.000000 310.000000 341.000000 372.000000 403.000000 434.000000 465.000000 496.000000 527.000000 558.000000 589.000000 620.000000 651.000000 682.000000 713.000000 744.000000 775.000000 806.000000 837.000000 868.000000 899.000000 930.000000 961.000000 992.000000 1023.000000 1054.000000 1085.000000 1116.000000 1147.000000 1178.000000 1209.000000 1240.000000 1271.000000 1302.000000 1333.000000 1364.000000 1395.000000 1426.000000 1457.000000 1488.000000 1519.000000 1550.000000 1581.000000 1612.000000 1643.000000 1674.000000 1705.000000 1736.000000 1767.000000 1798.000000 1829.000000 1860.000000 1891.000000 1922.000000 1953.000000 1984.000000 2015.000000 2046.000000 2077.000000 2108.000000 2139.000000 2170.000000 2201.000000 2232.000000 2263.000000 2294.000000 2325.000000 2356.000000 2387.000000 2418.000000 2449.000000 2480.000000 2511.000000 2542.000000 2573.000000 2604.000000 2635.000000 2666.000000 2697.000000 2728.000000 2759.000000 2790.000000 2821.000000 2852.000000 2883.000000 2914.000000 2945.000000 2976.000000 3007.000000 3038.000000 3069.000000 
0.000000 32.000000 64.000000 96.000000 128.000000 160.000000 192.000000 224.000000 256.000000 288.000000 320.000000 352.000000 384.000000 416.000000 448.000000 480.000000 512.000000 544.000000 576.000000 608.000000 640.000000 672.000000 704.000000 736.000000 768.000000 800.000000 832.000000 864.000000 896.000000 928.000000 960.000000 992.000000 1024.000000 1056.000000 1088.000000 1120.000000 1152.000000 1184.000000 1216.000000 1248.000000 1280.000000 1312.000000 1344.000000 1376.000000 1408.000000 1440.000000 1472.000000 1504.000000 1536.000000 1568.000000 1600.000000 1632.000000 1664.000000 1696.000000 1728.000000 1760.000000 1792.000000 1824.000000 1856.000000 1888.000000 1920.000000 1952.000000 1984.000000 2016.000000 2048.000000 2080.000000 2112.000000 2144.000000 2176.000000 2208.000000 2240.000000 2272.000000 2304.000000 2336.000000 2368.000000 2400.000000 2432.000000 2464.000000 2496.000000 2528.000000 2560.000000 2592.000000 2624.000000 2656.000000 2688.000000 2720.000000 2752.000000 2784.000000 2816.000000 2848.000000 2880.000000 2912.000000 2944.000000 2976.000000 3008.000000 3040.000000 3072.000000 3104.000000 3136.000000 3168.000000 
0.000000 33.000000 66.000000 99.000000 132.000000 165.000000 198.000000 231.000000 264.000000 297.000000 330.000000 363.000000 396.000000 429.000000 462.000000 495.000000 528.000000 561.000000 594.000000 627.000000 660.000000 693.000000 726.000000 759.000000 792.000000 825.000000 858.000000 891.000000 924.000000 957.000000 990.000000 1023.000000 1056.000000 1089.000000 1122.000000 1155.000000 1188.000000 1221.000000 1254.000000 1287.000000 1320.000000 1353.000000 1386.000000 1419.000000 1452.000000 1485.000000 1518.000000 1551.000000 1584.000000 1617.000000 1650.000000 1683.000000 1716.000000 1749.000000 1782.000000 1815.000000 1848.000000 1881.000000 1914.000000 1947.000000 1980.000000 2013.000000 2046.000000 2079.000000 2112.000000 2145.000000 2178.000000 2211.000000 2244.000000 2277.000000 2310.000000 2343.000000 2376.000000 2409.000000 2442.000000 2475.000000 2508.000000 2541.000000 2574.000000 2607.000000 2640.000000 2673.000000 2706.000000 2739.000000 2772.000000 2805.000000 2838.000000 2871.000000 2904.000000 2937.000000 2970.000000 3003.000000 3036.000000 3069.000000 3102.000000 3135.000000 3168.000000 3201.000000 3234.000000 3267.000000 
0.000000 34.000000 68.000000 102.000000 136.000000 170.000000 204.000000 238.000000 272.000000 306.000000 340.000000 374.000000 408.000000 442.000000 476.000000 510.000000 544.000000 578.000000 612.000000 646.000000 680.000000 714.000000 748.000000 782.000000 816.000000 850.000000 884.000000 918.000000 952.000000 986.000000 1020.000000 1054.000000 1088.000000 1122.000000 1156.000000 1190.000000 1224.000000 1258.000000 1292.000000 1326.000000 1360.000000 1394.000000 1428.000000 1462.000000 1496.000000 1530.000000 1564.000000 1598.000000 1632.000000 1666.000000 1700.000000 1734.000000 1768.000000 1802.000000 1836.000000 1870.000000 1904.000000 1938.000000 1972.000000 2006.000000 2040.000000 2074.000000 2108.000000 2142.000000 2176.000000 2210.000000 2244.000000 2278.000000 2312.000000 2346.000000 2380.000000 2414.000000 2448.000000 2482.000000 2516.000000 2550.000000 2584.000000 2618.000000 2652.000000 2686.000000 2720.000000 2754.000000 2788.000000 2822.000000 2856.000000 2890.000000 2924.000000 2958.000000 2992.000000 3026.000000 3060.000000 3094.000000 3128.000000 3162.000000 3196.000000 3230.000000 3264.000000 3298.000000 3332.000000 3366.000000 
