-10.00 -10.00 -10.00 -10.00 -10.00 -10.00 -10.00 -10.00 -10.00 -10.00 -10.00 -10.00 -10.00 -10.00 -10.00 -25.00 -26.00 -27.00 -28.00 -29.00 -30.00 -31.00 -32.00 -33.00 -34.00 -35.00 -36.00 -37.00 -38.00 -39.00 -40.00 -41.00 -42.00 -43.00 -44.00 -45.00 -46.00 -47.00 -48.00 -49.00 -50.00 -51.00 -52.00 -53.00 -54.00 -55.00 -56.00 -57.00 -58.00 -59.00 -60.00 -61.00 -62.00 -63.00 -64.00 -65.00 -66.00 -67.00 -68.00 -69.00 -70.00 -71.00 -72.00 -73.00 -74.00 -75.00 -76.00 -77.00 -78.00 -79.00 -80.00 -81.00 -82.00 -83.00 -84.00 -85.00 -86.00 -87.00 -88.00 -89.00 -90.00 -91.00 -92.00 -93.00 -94.00 -95.00 -96.00 -97.00 -98.00 -99.00 -100.00 -101.00 -102.00 -103.00 -104.00 -105.00 -106.00 -107.00 -108.00 -109.00 
-10.00 -9.00 -8.00 -7.00 -6.00 -5.00 -4.00 -3.00 -2.00 -1.00 0.00 1.00 2.00 3.00 4.00 -9.00 -9.00 -9.00 -9.00 -9.00 -9.00 -9.00 -9.00 -9.00 -9.00 -9.00 -9.00 -9.00 -9.00 -9.00 -9.00 -9.00 -9.00 -9.00 -9.00 -9.00 -9.00 -9.00 -9.00 -9.00 -9.00 -9.00 -9.00 -9.00 -9.00 -9.00 -9.00 -9.00 -9.00 -9.00 -9.00 -9.00 -9.00 -9.00 -9.00 -9.00 -9.00 -9.00 -9.00 -9.00 -9.00 -9.00 -9.00 -9.00 -9.00 -9.00 -9.00 -9.00 -9.00 -9.00 -9.00 -9.00 -9.00 -9.00 -9.00 -9.00 -9.00 -9.00 -9.00 -9.00 -9.00 -9.00 -9.00 -9.00 -9.00 -9.00 -9.00 -9.00 -9.00 -9.00 -9.00 -9.00 -9.00 -9.00 -9.00 -9.00 -9.00 -9.00 -9.00 -9.00 
-10.00 -8.00 -6.00 -4.00 -2.00 0.00 2.00 4.00 6.00 8.00 10.00 12.00 14.00 16.00 18.00 7.00 8.00 9.00 10.00 11.00 12.00 13.00 14.00 15.00 16.00 17.00 18.00 19.00 20.00 21.00 22.00 23.00 24.00 25.00 26.00 27.00 28.00 29.00 30.00 31.00 32.00 33.00 34.00 35.00 36.00 37.00 38.00 39.00 40.00 41.00 42.00 43.00 44.00 45.00 46.00 47.00 48.00 49.00 50.00 51.00 52.00 53.00 54.00 55.00 56.00 57.00 58.00 59.00 60.00 61.00 62.00 63.00 64.00 65.00 66.00 67.00 68.00 69.00 70.00 71.00 72.00 73.00 74.00 75.00 76.00 77.00 78.00 79.00 80.00 81.00 82.00 83.00 84.00 85.00 86.00 87.00 88.00 89.00 90.00 91.00 
-10.00 -7.00 -4.00 -1.00 2.00 5.00 8.00 11.00 14.00 17.00 20.00 23.00 26.00 29.00 32.00 23.00 25.00 27.00 29.00 31.00 33.00 35.00 37.00 39.00 41.00 43.00 45.00 47.00 49.00 51.00 53.00 55.00 57.00 59.00 61.00 63.00 65.00 67.00 69.00 71.00 73.00 75.00 77.00 79.00 81.00 83.00 85.00 87.00 89.00 91.00 93.00 95.00 97.00 99.00 101.00 103.00 105.00 107.00 109.00 111.00 113.00 115.00 117.00 119.00 121.00 123.00 125.00 127.00 129.00 131.00 133.00 135.00 137.00 139.00 141.00 143.00 145.00 147.00 149.00 151.00 153.00 155.00 157.00 159.00 161.00 163.00 165.00 167.00 169.00 171.00 173.00 175.00 177.00 179.00 181.00 183.00 185.00 187.00 189.00 191.00 
-10.00 -6.00 -2.00 2.00 6.00 10.00 14.00 18.00 22.00 26.00 30.00 34.00 38.00 42.00 46.00 39.00 42.00 45.00 48.00 51.00 54.00 57.00 60.00 63.00 66.00 69.00 72.00 75.00 78.00 81.00 84.00 87.00 90.00 93.00 96.00 99.00 102.00 105.00 108.00 111.00 114.00 117.00 120.00 123.00 126.00 129.00 132.00 135.00 138.00 141.00 144.00 147.00 150.00 153.00 156.00 159.00 162.00 165.00 168.00 171.00 174.00 177.00 180.00 183.00 186.00 189.00 192.00 195.00 198.00 201.00 204.00 207.00 210.00 213.00 216.00 219.00 222.00 225.00 228.00 231.00 234.00 237.00 240.00 243.00 246.00 249.00 252.00 255.00 258.00 261.00 264.00 267.00 270.00 273.00 276.00 279.00 282.00 285.00 288.00 291.00 
-10.00 -5.00 0.00 5.00 10.00 15.00 20.00 25.00 30.00 35.00 40.00 45.00 50.00 55.00 60.00 55.00 59.00 63.00 67.00 71.00 75.00 79.00 83.00 87.00 91.00 95.00 99.00 103.00 107.00 111.00 115.00 119.00 123.00 127.00 131.00 135.00 139.00 143.00 147.00 151.00 155.00 159.00 163.00 167.00 171.00 175.00 179.00 183.00 187.00 191.00 195.00 199.00 203.00 207.00 211.00 215.00 219.00 223.00 227.00 231.00 235.00 239.00 243.00 247.00 251.00 255.00 259.00 263.00 267.00 271.00 275.00 279.00 283.00 287.00 291.00 295.00 299.00 303.00 307.00 311.00 315.00 319.00 323.00 327.00 331.00 335.00 339.00 343.00 347.00 351.00 355.00 359.00 363.00 367.00 371.00 375.00 379.00 383.00 387.00 391.00 
-10.00 -4.00 2.00 8.00 14.00 20.00 26.00 32.00 38.00 44.00 50.00 56.00 62.00 68.00 74.00 71.00 76.00 81.00 86.00 91.00 96.00 101.00 106.00 111.00 116.00 121.00 126.00 131.00 136.00 141.00 146.00 151.00 156.00 161.00 166.00 171.00 176.00 181.00 186.00 191.00 196.00 201.00 206.00 211.00 216.00 221.00 226.00 231.00 236.00 241.00 246.00 251.00 256.00 261.00 266.00 271.00 276.00 281.00 286.00 291.00 296.00 301.00 306.00 311.00 316.00 321.00 326.00 331.00 336.00 341.00 346.00 351.00 356.00 361.00 366.00 371.00 376.00 381.00 386.00 391.00 396.00 401.00 406.00 411.00 416.00 421.00 426.00 431.00 436.00 441.00 446.00 451.00 456.00 461.00 466.00 471.00 476.00 481.00 486.00 491.00 
-10.00 -3.00 4.00 11.00 18.00 25.00 32.00 39.00 46.00 53.00 60.00 67.00 74.00 81.00 88.00 87.00 93.00 99.00 105.00 111.00 117.00 123.00 129.00 135.00 141.00 147.00 153.00 159.00 165.00 171.00 177.00 183.00 189.00 195.00 201.00 207.00 213.00 219.00 225.00 231.00 237.00 243.00 249.00 255.00 261.00 267.00 273.00 279.00 285.00 291.00 297.00 303.00 309.00 315.00 321.00 327.00 333.00 339.00 345.00 351.00 357.00 363.00 369.00 375.00 381.00 387.00 393.00 399.00 405.00 411.00 417.00 423.00 429.00 435.00 441.00 447.00 453.00 459.00 465.00 471.00 477.00 483.00 489.00 495.00 501.00 507.00 513.00 519.00 525.00 531.00 537.00 543.00 549.00 555.00 561.00 567.00 573.00 579.00 585.00 591.00 
-10.00 -2.00 6.00 14.00 22.00 30.00 38.00 46.00 54.00 62.00 70.00 78.00 86.00 94.00 102.00 103.00 110.00 117.00 124.00 131.00 138.00 145.00 152.00 159.00 166.00 173.00 180.00 187.00 194.00 201.00 208.00 215.00 222.00 229.00 236.00 243.00 250.00 257.00 264.00 271.00 278.00 285.00 292.00 299.00 306.00 313.00 320.00 327.00 334.00 341.00 348.00 355.00 362.00 369.00 376.00 383.00 390.00 397.00 404.00 411.00 418.00 425.00 432.00 439.00 446.00 453.00 460.00 467.00 474.00 481.00 488.00 495.00 502.00 509.00 516.00 523.00 530.00 537.00 544.00 551.00 558.00 565.00 572.00 579.00 586.00 593.00 600.00 607.00 614.00 621.00 628.00 635.00 642.00 649.00 656.00 663.00 670.00 677.00 684.00 691.00 
-10.00 -1.00 8.00 17.00 26.00 35.00 44.00 53.00 62.00 71.00 80.00 89.00 98.00 107.00 116.00 119.00 127.00 135.00 143.00 151.00 159.00 167.00 175.00 183.00 191.00 199.00 207.00 215.00 223.00 231.00 239.00 247.00 255.00 263.00 271.00 279.00 287.00 295.00 303.00 311.00 319.00 327.00 335.00 343.00 351.00 359.00 367.00 375.00 383.00 391.00 399.00 407.00 415.00 423.00 431.00 439.00 447.00 455.00 463.00 471.00 479.00 487.00 495.00 503.00 511.00 519.00 527.00 535.00 543.00 551.00 559.00 567.00 575.00 583.00 591.00 599.00 607.00 615.00 623.00 631.00 639.00 647.00 655.00 663.00 671.00 679.00 687.00 695.00 703.00 711.00 719.00 727.00 735.00 743.00 751.00 759.00 767.00 775.00 783.00 791.00 
-10.00 0.00 10.00 20.00 30.00 40.00 50.00 60.00 70.00 80.00 90.00 100.00 110.00 120.00 130.00 135.00 144.00 153.00 162.00 171.00 180.00 189.00 198.00 207.00 216.00 225.00 234.00 243.00 252.00 261.00 270.00 279.00 288.00 297.00 306.00 315.00 324.00 333.00 342.00 351.00 360.00 369.00 378.00 387.00 396.00 405.00 414.00 423.00 432.00 441.00 450.00 459.00 468.00 477.00 486.00 495.00 504.00 513.00 522.00 531.00 540.00 549.00 558.00 567.00 576.00 585.00 594.00 603.00 612.00 621.00 630.00 639.00 648.00 657.00 666.00 675.00 684.00 693.00 702.00 711.00 720.00 729.00 738.00 747.00 756.00 765.00 774.00 783.00 792.00 801.00 810.00 819.00 828.00 837.00 846.00 855.00 864.00 873.00 882.00 891.00 
-10.00 1.00 12.00 23.00 34.00 45.00 56.00 67.00 78.00 89.00 100.00 111.00 122.00 133.00 144.00 151.00 161.00 171.00 181.00 191.00 201.00 211.00 221.00 231.00 241.00 251.00 261.00 271.00 281.00 291.00 301.00 311.00 321.00 331.00 341.00 351.00 361.00 371.00 381.00 391.00 401.00 411.00 421.00 431.00 441.00 451.00 461.00 471.00 481.00 491.00 501.00 511.00 521.00 531.00 541.00 551.00 561.00 571.00 581.00 591.00 601.00 611.00 621.00 631.00 641.00 651.00 661.00 671.00 681.00 691.00 701.00 711.00 721.00 731.00 741.00 751.00 761.00 771.00 781.00 791.00 801.00 811.00 821.00 831.00 841.00 851.00 861.00 871.00 881.00 891.00 901.00 911.00 921.00 931.00 941.00 951.00 961.00 971.00 981.00 991.00 
-10.00 2.00 14.00 26.00 38.00 50.00 62.00 74.00 86.00 98.00 110.00 122.00 134.00 146.00 158.00 167.00 178.00 189.00 200.00 211.00 222.00 233.00 244.00 255.00 266.00 277.00 288.00 299.00 310.00 321.00 332.00 343.00 354.00 365.00 376.00 387.00 398.00 409.00 420.00 431.00 442.00 453.00 464.00 475.00 486.00 497.00 508.00 519.00 530.00 541.00 552.00 563.00 574.00 585.00 596.00 607.00 618.00 629.00 640.00 651.00 662.00 673.00 684.00 695.00 706.00 717.00 728.00 739.00 750.00 761.00 772.00 783.00 794.00 805.00 816.00 827.00 838.00 849.00 860.00 871.00 882.00 893.00 904.00 915.00 926.00 937.00 948.00 959.00 970.00 981.00 992.00 1003.00 1014.00 1025.00 1036.00 1047.00 1058.00 1069.00 1080.00 1091.00 
-10.00 3.00 16.00 29.00 42.00 55.00 68.00 81.00 94.00 107.00 120.00 133.00 146.00 159.00 172.00 183.00 195.00 207.00 219.00 231.00 243.00 255.00 267.00 279.00 291.00 303.00 315.00 327.00 339.00 351.00 363.00 375.00 387.00 399.00 411.00 423.00 435.00 447.00 459.00 471.00 483.00 495.00 507.00 519.00 531.00 543.00 555.00 567.00 579.00 591.00 603.00 615.00 627.00 639.00 651.00 663.00 675.00 687.00 699.00 711.00 723.00 735.00 747.00 759.00 771.00 783.00 795.00 807.00 819.00 831.00 843.00 855.00 867.00 879.00 891.00 903.00 915.00 927.00 939.00 951.00 963.00 975.00 987.00 999.00 1011.00 1023.00 1035.00 1047.00 1059.00 1071.00 1083.00 1095.00 1107.00 1119.00 1131.00 1143.00 1155.00 1167.00 1179.00 1191.00 
-10.00 4.00 18.00 32.00 46.00 60.00 74.00 88.00 102.00 116.00 130.00 144.00 158.00 172.00 186.00 199.00 212.00 225.00 238.00 251.00 264.00 277.00 290.00 303.00 316.00 329.00 342.00 355.00 368.00 381.00 394.00 407.00 420.00 433.00 446.00 459.00 472.00 485.00 498.00 511.00 524.00 537.00 550.00 563.00 576.00 589.00 602.00 615.00 628.00 641.00 654.00 667.00 680.00 693.00 706.00 719.00 732.00 745.00 758.00 771.00 784.00 797.00 810.00 823.00 836.00 849.00 862.00 875.00 888.00 901.00 914.00 927.00 940.00 953.00 966.00 979.00 992.00 1005.00 1018.00 1031.00 1044.00 1057.00 1070.00 1083.00 1096.00 1109.00 1122.00 1135.00 1148.00 1161.00 1174.00 1187.00 1200.00 1213.00 1226.00 1239.00 1252.00 1265.00 1278.00 1291.00 
-10.00 5.00 20.00 35.00 50.00 65.00 80.00 95.00 110.00 125.00 140.00 155.00 170.00 185.00 200.00 215.00 230.00 245.00 260.00 275.00 290.00 305.00 320.00 335.00 350.00 365.00 380.00 395.00 410.00 425.00 425.00 439.00 453.00 467.00 481.00 495.00 509.00 523.00 537.00 551.00 565.00 579.00 593.00 607.00 621.00 635.00 649.00 663.00 677.00 691.00 705.00 719.00 733.00 747.00 761.00 775.00 789.00 803.00 817.00 831.00 845.00 859.00 873.00 887.00 901.00 915.00 929.00 943.00 957.00 971.00 985.00 999.00 1013.00 1027.00 1041.00 1055.00 1069.00 1083.00 1097.00 1111.00 1125.00 1139.00 1153.00 1167.00 1181.00 1195.00 1209.00 1223.00 1237.00 1251.00 1265.00 1279.00 1293.00 1307.00 1321.00 1335.00 1349.00 1363.00 1377.00 1391.00 
-10.00 6.00 22.00 38.00 54.00 70.00 86.00 102.00 118.00 134.00 150.00 166.00 182.00 198.00 214.00 230.00 246.00 262.00 278.00 294.00 310.00 326.00 342.00 358.00 374.00 390.00 406.00 422.00 438.00 454.00 456.00 471.00 486.00 501.00 516.00 531.00 546.00 561.00 576.00 591.00 606.00 621.00 636.00 651.00 666.00 681.00 696.00 711.00 726.00 741.00 756.00 771.00 786.00 801.00 816.00 831.00 846.00 861.00 876.00 891.00 906.00 921.00 936.00 951.00 966.00 981.00 996.00 1011.00 1026.00 1041.00 1056.00 1071.00 1086.00 1101.00 1116.00 1131.00 1146.00 1161.00 1176.00 1191.00 1206.00 1221.00 1236.00 1251.00 1266.00 1281.00 1296.00 1311.00 1326.00 1341.00 1356.00 1371.00 1386.00 1401.00 1416.00 1431.00 1446.00 1461.00 1476.00 1491.00 
-10.00 7.00 24.00 41.00 58.00 75.00 92.00 109.00 126.00 143.00 160.00 177.00 194.00 211.00 228.00 245.00 262.00 279.00 296.00 313.00 330.00 347.00 364.00 381.00 398.00 415.00 432.00 449.00 466.00 483.00 487.00 503.00 519.00 535.00 551.00 567.00 583.00 599.00 615.00 631.00 647.00 663.00 679.00 695.00 711.00 727.00 743.00 759.00 775.00 791.00 807.00 823.00 839.00 855.00 871.00 887.00 903.00 919.00 935.00 951.00 967.00 983.00 999.00 1015.00 1031.00 1047.00 1063.00 1079.00 1095.00 1111.00 1127.00 1143.00 1159.00 1175.00 1191.00 1207.00 1223.00 1239.00 1255.00 1271.00 1287.00 1303.00 1319.00 1335.00 1351.00 1367.00 1383.00 1399.00 1415.00 1431.00 1447.00 1463.00 1479.00 1495.00 1511.00 1527.00 1543.00 1559.00 1575.00 1591.00 
-10.00 8.00 26.00 44.00 62.00 80.00 98.00 116.00 134.00 152.00 170.00 188.00 206.00 224.00 242.00 260.00 278.00 296.00 314.00 332.00 350.00 368.00 386.00 404.00 422.00 440.00 458.00 476.00 494.00 512.00 518.00 535.00 552.00 569.00 586.00 603.00 620.00 637.00 654.00 671.00 688.00 705.00 722.00 739.00 756.00 773.00 790.00 807.00 824.00 841.00 858.00 875.00 892.00 909.00 926.00 943.00 960.00 977.00 994.00 1011.00 1028.00 1045.00 1062.00 1079.00 1096.00 1113.00 1130.00 1147.00 1164.00 1181.00 1198.00 1215.00 1232.00 1249.00 1266.00 1283.00 1300.00 1317.00 1334.00 1351.00 1368.00 1385.00 1402.00 1419.00 1436.00 1453.00 1470.00 1487.00 1504.00 1521.00 1538.00 1555.00 1572.00 1589.00 1606.00 1623.00 1640.00 1657.00 1674.00 1691.00 
-10.00 9.00 28.00 47.00 66.00 85.00 104.00 123.00 142.00 161.00 180.00 199.00 218.00 237.00 256.00 275.00 294.00 313.00 332.00 351.00 370.00 389.00 408.00 427.00 446.00 465.00 484.00 503.00 522.00 541.00 549.00 567.00 585.00 603.00 621.00 639.00 657.00 675.00 693.00 711.00 729.00 747.00 765.00 783.00 801.00 819.00 837.00 855.00 873.00 891.00 909.00 927.00 945.00 963.00 981.00 999.00 1017.00 1035.00 1053.00 1071.00 1089.00 1107.00 1125.00 1143.00 1161.00 1179.00 1197.00 1215.00 1233.00 1251.00 1269.00 1287.00 1305.00 1323.00 1341.00 1359.00 1377.00 1395.00 1413.00 1431.00 1449.00 1467.00 1485.00 1503.00 1521.00 1539.00 1557.00 1575.00 1593.00 1611.00 1629.00 1647.00 1665.00 1683.00 1701.00 1719.00 1737.00 1755.00 1773.00 1791.00 
-10.00 10.00 30.00 50.00 70.00 90.00 110.00 130.00 150.00 170.00 190.00 210.00 230.00 250.00 270.00 290.00 310.00 330.00 350.00 370.00 390.00 410.00 430.00 450.00 470.00 490.00 510.00 530.00 550.00 570.00 580.00 599.00 618.00 637.00 656.00 675.00 694.00 713.00 732.00 751.00 770.00 789.00 808.00 827.00 846.00 865.00 884.00 903.00 922.00 941.00 960.00 979.00 998.00 1017.00 1036.00 1055.00 1074.00 1093.00 1112.00 1131.00 1150.00 1169.00 1188.00 1207.00 1226.00 1245.00 1264.00 1283.00 1302.00 1321.00 1340.00 1359.00 1378.00 1397.00 1416.00 1435.00 1454.00 1473.00 1492.00 1511.00 1530.00 1549.00 1568.00 1587.00 1606.00 1625.00 1644.00 1663.00 1682.00 1701.00 1720.00 1739.00 1758.00 1777.00 1796.00 1815.00 1834.00 1853.00 1872.00 1891.00 
-10.00 11.00 32.00 53.00 74.00 95.00 116.00 137.00 158.00 179.00 200.00 221.00 242.00 263.00 284.00 305.00 326.00 347.00 368.00 389.00 410.00 431.00 452.00 473.00 494.00 515.00 536.00 557.00 578.00 599.00 611.00 631.00 651.00 671.00 691.00 711.00 731.00 751.00 771.00 791.00 811.00 831.00 851.00 871.00 891.00 911.00 931.00 951.00 971.00 991.00 1011.00 1031.00 1051.00 1071.00 1091.00 1111.00 1131.00 1151.00 1171.00 1191.00 1211.00 1231.00 1251.00 1271.00 1291.00 1311.00 1331.00 1351.00 1371.00 1391.00 1411.00 1431.00 1451.00 1471.00 1491.00 1511.00 1531.00 1551.00 1571.00 1591.00 1611.00 1631.00 1651.00 1671.00 1691.00 1711.00 1731.00 1751.00 1771.00 1791.00 1811.00 1831.00 1851.00 1871.00 1891.00 1911.00 1931.00 1951.00 1971.00 1991.00 
-10.00 12.00 34.00 56.00 78.00 100.00 122.00 144.00 166.00 188.00 210.00 232.00 254.00 276.00 298.00 320.00 342.00 364.00 386.00 408.00 430.00 452.00 474.00 496.00 518.00 540.00 562.00 584.00 606.00 628.00 642.00 663.00 684.00 705.00 726.00 747.00 768.00 789.00 810.00 831.00 852.00 873.00 894.00 915.00 936.00 957.00 978.00 999.00 1020.00 1041.00 1062.00 1083.00 1104.00 1125.00 1146.00 1167.00 1188.00 1209.00 1230.00 1251.00 1272.00 1293.00 1314.00 1335.00 1356.00 1377.00 1398.00 1419.00 1440.00 1461.00 1482.00 1503.00 1524.00 1545.00 1566.00 1587.00 1608.00 1629.00 1650.00 1671.00 1692.00 1713.00 1734.00 1755.00 1776.00 1797.00 1818.00 1839.00 1860.00 1881.00 1902.00 1923.00 1944.00 1965.00 1986.00 2007.00 2028.00 2049.00 2070.00 2091.00 
-10.00 13.00 36.00 59.00 82.00 105.00 128.00 151.00 174.00 197.00 220.00 243.00 266.00 289.00 312.00 335.00 358.00 381.00 404.00 427.00 450.00 473.00 496.00 519.00 542.00 565.00 588.00 611.00 634.00 657.00 673.00 695.00 717.00 739.00 761.00 783.00 805.00 827.00 849.00 871.00 893.00 915.00 937.00 959.00 981.00 1003.00 1025.00 1047.00 1069.00 1091.00 1113.00 1135.00 1157.00 1179.00 1201.00 1223.00 1245.00 1267.00 1289.00 1311.00 1333.00 1355.00 1377.00 1399.00 1421.00 1443.00 1465.00 1487.00 1509.00 1531.00 1553.00 1575.00 1597.00 1619.00 1641.00 1663.00 1685.00 1707.00 1729.00 1751.00 1773.00 1795.00 1817.00 1839.00 1861.00 1883.00 1905.00 1927.00 1949.00 1971.00 1993.00 2015.00 2037.00 2059.00 2081.00 2103.00 2125.00 2147.00 2169.00 2191.00 
-10.00 14.00 38.00 62.00 86.00 110.00 134.00 158.00 182.00 206.00 230.00 254.00 278.00 302.00 326.00 350.00 374.00 398.00 422.00 446.00 470.00 494.00 518.00 542.00 566.00 590.00 614.00 638.00 662.00 686.00 704.00 727.00 750.00 773.00 796.00 819.00 842.00 865.00 888.00 911.00 934.00 957.00 980.00 1003.00 1026.00 1049.00 1072.00 1095.00 1118.00 1141.00 1164.00 1187.00 1210.00 1233.00 1256.00 1279.00 1302.00 1325.00 1348.00 1371.00 1394.00 1417.00 1440.00 1463.00 1486.00 1509.00 1532.00 1555.00 1578.00 1601.00 1624.00 1647.00 1670.00 1693.00 1716.00 1739.00 1762.00 1785.00 1808.00 1831.00 1854.00 1877.00 1900.00 1923.00 1946.00 1969.00 1992.00 2015.00 2038.00 2061.00 2084.00 2107.00 2130.00 2153.00 2176.00 2199.00 2222.00 2245.00 2268.00 2291.00 
-10.00 15.00 40.00 65.00 90.00 115.00 140.00 165.00 190.00 215.00 240.00 265.00 290.00 315.00 340.00 365.00 390.00 415.00 440.00 465.00 490.00 515.00 540.00 565.00 590.00 615.00 640.00 665.00 690.00 715.00 735.00 759.00 783.00 807.00 831.00 855.00 879.00 903.00 927.00 951.00 975.00 999.00 1023.00 1047.00 1071.00 1095.00 1119.00 1143.00 1167.00 1191.00 1215.00 1239.00 1263.00 1287.00 1311.00 1335.00 1359.00 1383.00 1407.00 1431.00 1455.00 1479.00 1503.00 1527.00 1551.00 1575.00 1599.00 1623.00 1647.00 1671.00 1695.00 1719.00 1743.00 1767.00 1791.00 1815.00 1839.00 1863.00 1887.00 1911.00 1935.00 1959.00 1983.00 2007.00 2031.00 2055.00 2079.00 2103.00 2127.00 2151.00 2175.00 2199.00 2223.00 2247.00 2271.00 2295.00 2319.00 2343.00 2367.00 2391.00 
-10.00 16.00 42.00 68.00 94.00 120.00 146.00 172.00 198.00 224.00 250.00 276.00 302.00 328.00 354.00 380.00 406.00 432.00 458.00 484.00 510.00 536.00 562.00 588.00 614.00 640.00 666.00 692.00 718.00 744.00 766.00 791.00 816.00 841.00 866.00 891.00 916.00 941.00 966.00 991.00 1016.00 1041.00 1066.00 1091.00 1116.00 1141.00 1166.00 1191.00 1216.00 1241.00 1266.00 1291.00 1316.00 1341.00 1366.00 1391.00 1416.00 1441.00 1466.00 1491.00 1516.00 1541.00 1566.00 1591.00 1616.00 1641.00 1666.00 1691.00 1716.00 1741.00 1766.00 1791.00 1816.00 1841.00 1866.00 1891.00 1916.00 1941.00 1966.00 1991.00 2016.00 2041.00 2066.00 2091.00 2116.00 2141.00 2166.00 2191.00 2216.00 2241.00 2266.00 2291.00 2316.00 2341.00 2366.00 2391.00 2416.00 2441.00 2466.00 2491.00 
-10.00 17.00 44.00 71.00 98.00 125.00 152.00 179.00 206.00 233.00 260.00 287.00 314.00 341.00 368.00 395.00 422.00 449.00 476.00 503.00 530.00 557.00 584.00 611.00 638.00 665.00 692.00 719.00 746.00 773.00 797.00 823.00 849.00 875.00 901.00 927.00 953.00 979.00 1005.00 1031.00 1057.00 1083.00 1109.00 1135.00 1161.00 1187.00 1213.00 1239.00 1265.00 1291.00 1317.00 1343.00 1369.00 1395.00 1421.00 1447.00 1473.00 1499.00 1525.00 1551.00 1577.00 1603.00 1629.00 1655.00 1681.00 1707.00 1733.00 1759.00 1785.00 1811.00 1837.00 1863.00 1889.00 1915.00 1941.00 1967.00 1993.00 2019.00 2045.00 2071.00 2097.00 2123.00 2149.00 2175.00 2201.00 2227.00 2253.00 2279.00 2305.00 2331.00 2357.00 2383.00 2409.00 2435.00 2461.00 2487.00 2513.00 2539.00 2565.00 2591.00 
-10.00 18.00 46.00 74.00 102.00 130.00 158.00 186.00 214.00 242.00 270.00 298.00 326.00 354.00 382.00 410.00 438.00 466.00 494.00 522.00 550.00 578.00 606.00 634.00 662.00 690.00 718.00 746.00 774.00 802.00 828.00 855.00 882.00 909.00 936.00 963.00 990.00 1017.00 1044.00 1071.00 1098.00 1125.00 1152.00 1179.00 1206.00 1233.00 1260.00 1287.00 1314.00 1341.00 1368.00 1395.00 1422.00 1449.00 1476.00 1503.00 1530.00 1557.00 1584.00 1611.00 1638.00 1665.00 1692.00 1719.00 1746.00 1773.00 1800.00 1827.00 1854.00 1881.00 1908.00 1935.00 1962.00 1989.00 2016.00 2043.00 2070.00 2097.00 2124.00 2151.00 2178.00 2205.00 2232.00 2259.00 2286.00 2313.00 2340.00 2367.00 2394.00 2421.00 2448.00 2475.00 2502.00 2529.00 2556.00 2583.00 2610.00 2637.00 2664.00 2691.00 
-10.00 19.00 48.00 77.00 106.00 135.00 164.00 193.00 222.00 251.00 280.00 309.00 338.00 367.00 396.00 425.00 454.00 483.00 512.00 541.00 570.00 599.00 628.00 657.00 686.00 715.00 744.00 773.00 802.00 831.00 859.00 887.00 915.00 943.00 971.00 999.00 1027.00 1055.00 1083.00 1111.00 1139.00 1167.00 1195.00 1223.00 1251.00 1279.00 1307.00 1335.00 1363.00 1391.00 1419.00 1447.00 1475.00 1503.00 1531.00 1559.00 1587.00 1615.00 1643.00 1671.00 1699.00 1727.00 1755.00 1783.00 1811.00 1839.00 1867.00 1895.00 1923.00 1951.00 1979.00 2007.00 2035.00 2063.00 2091.00 2119.00 2147.00 2175.00 2203.00 2231.00 2259.00 2287.00 2315.00 2343.00 2371.00 2399.00 2427.00 2455.00 2483.00 2511.00 2539.00 2567.00 2595.00 2623.00 2651.00 2679.00 2707.00 2735.00 2763.00 2791.00 
-10.00 20.00 50.00 80.00 110.00 140.00 170.00 200.00 230.00 260.00 290.00 320.00 350.00 380.00 410.00 440.00 470.00 500.00 530.00 560.00 590.00 620.00 650.00 680.00 710.00 740.00 770.00 800.00 830.00 860.00 890.00 920.00 950.00 980.00 1010.00 1040.00 1070.00 1100.00 1130.00 1160.00 1190.00 1220.00 1250.00 1280.00 1296.00 1325.00 1354.00 1383.00 1412.00 1441.00 1470.00 1499.00 1528.00 1557.00 1586.00 1615.00 1644.00 1673.00 1702.00 1731.00 1760.00 1789.00 1818.00 1847.00 1876.00 1905.00 1934.00 1963.00 1992.00 2021.00 2050.00 2079.00 2108.00 2137.00 2166.00 2195.00 2224.00 2253.00 2282.00 2311.00 2340.00 2369.00 2398.00 2427.00 2456.00 2485.00 2514.00 2543.00 2572.00 2601.00 2630.00 2659.00 2688.00 2717.00 2746.00 2775.00 2804.00 2833.00 2862.00 2891.00 
-10.00 21.00 52.00 83.00 114.00 145.00 176.00 207.00 238.00 269.00 300.00 331.00 362.00 393.00 424.00 455.00 486.00 517.00 548.00 579.00 610.00 641.00 672.00 703.00 734.00 765.00 796.00 827.00 858.00 889.00 920.00 951.00 982.00 1013.00 1044.00 1075.00 1106.00 1137.00 1168.00 1199.00 1230.00 1261.00 1292.00 1323.00 1341.00 1371.00 1401.00 1431.00 1461.00 1491.00 1521.00 1551.00 1581.00 1611.00 1641.00 1671.00 1701.00 1731.00 1761.00 1791.00 1821.00 1851.00 1881.00 1911.00 1941.00 1971.00 2001.00 2031.00 2061.00 2091.00 2121.00 2151.00 2181.00 2211.00 2241.00 2271.00 2301.00 2331.00 2361.00 2391.00 2421.00 2451.00 2481.00 2511.00 2541.00 2571.00 2601.00 2631.00 2661.00 2691.00 2721.00 2751.00 2781.00 2811.00 2841.00 2871.00 2901.00 2931.00 2961.00 2991.00 
-10.00 22.00 54.00 86.00 118.00 150.00 182.00 214.00 246.00 278.00 310.00 342.00 374.00 406.00 438.00 470.00 502.00 534.00 566.00 598.00 630.00 662.00 694.00 726.00 758.00 790.00 822.00 854.00 886.00 918.00 950.00 982.00 1014.00 1046.00 1078.00 1110.00 1142.00 1174.00 1206.00 1238.00 1270.00 1302.00 1334.00 1366.00 1386.00 1417.00 1448.00 1479.00 1510.00 1541.00 1572.00 1603.00 1634.00 1665.00 1696.00 1727.00 1758.00 1789.00 1820.00 1851.00 1882.00 1913.00 1944.00 1975.00 2006.00 2037.00 2068.00 2099.00 2130.00 2161.00 2192.00 2223.00 2254.00 2285.00 2316.00 2347.00 2378.00 2409.00 2440.00 2471.00 2502.00 2533.00 2564.00 2595.00 2626.00 2657.00 2688.00 2719.00 2750.00 2781.00 2812.00 2843.00 2874.00 2905.00 2936.00 2967.00 2998.00 3029.00 3060.00 3091.00 
-10.00 23.00 56.00 89.00 122.00 155.00 188.00 221.00 254.00 287.00 320.00 353.00 386.00 419.00 452.00 485.00 518.00 551.00 584.00 617.00 650.00 683.00 716.00 749.00 782.00 815.00 848.00 881.00 914.00 947.00 980.00 1013.00 1046.00 1079.00 1112.00 1145.00 1178.00 1211.00 1244.00 1277.00 1310.00 1343.00 1376.00 1409.00 1431.00 1463.00 1495.00 1527.00 1559.00 1591.00 1623.00 1655.00 1687.00 1719.00 1751.00 1783.00 1815.00 1847.00 1879.00 1911.00 1943.00 1975.00 2007.00 2039.00 2071.00 2103.00 2135.00 2167.00 2199.00 2231.00 2263.00 2295.00 2327.00 2359.00 2391.00 2423.00 2455.00 2487.00 2519.00 2551.00 2583.00 2615.00 2647.00 2679.00 2711.00 2743.00 2775.00 2807.00 2839.00 2871.00 2903.00 2935.00 2967.00 2999.00 3031.00 3063.00 3095.00 3127.00 3159.00 3191.00 
-10.00 24.00 58.00 92.00 126.00 160.00 194.00 228.00 262.00 296.00 330.00 364.00 398.00 432.00 466.00 500.00 534.00 568.00 602.00 636.00 670.00 704.00 738.00 772.00 806.00 840.00 874.00 908.00 942.00 976.00 1010.00 1044.00 1078.00 1112.00 1146.00 1180.00 1214.00 1248.00 1282.00 1316.00 1350.00 1384.00 1418.00 1452.00 1476.00 1509.00 1542.00 1575.00 1608.00 1641.00 1674.00 1707.00 1740.00 1773.00 1806.00 1839.00 1872.00 1905.00 1938.00 1971.00 2004.00 2037.00 2070.00 2103.00 2136.00 2169.00 2202.00 2235.00 2268.00 2301.00 2334.00 2367.00 2400.00 2433.00 2466.00 2499.00 2532.00 2565.00 2598.00 2631.00 2664.00 2697.00 2730.00 2763.00 2796.00 2829.00 2862.00 2895.00 2928.00 2961.00 2994.00 3027.00 3060.00 3093.00 3126.00 3159.00 3192.00 3225.00 3258.00 3291.00 
-10.00 25.00 60.00 95.00 130.00 165.00 200.00 235.00 270.00 305.00 340.00 375.00 410.00 445.00 480.00 515.00 550.00 585.00 620.00 655.00 690.00 725.00 760.00 795.00 830.00 865.00 900.00 935.00 970.00 1005.00 1040.00 1075.00 1110.00 1145.00 1180.00 1215.00 1250.00 1285.00 1320.00 1355.00 1390.00 1425.00 1460.00 1495.00 1521.00 1555.00 1589.00 1623.00 1657.00 1691.00 1725.00 1759.00 1793.00 1827.00 1861.00 1895.00 1929.00 1963.00 1997.00 2031.00 2065.00 2099.00 2133.00 2167.00 2201.00 2235.00 2269.00 2303.00 2337.00 2371.00 2405.00 2439.00 2473.00 2507.00 2541.00 2575.00 2609.00 2643.00 2677.00 2711.00 2745.00 2779.00 2813.00 2847.00 2881.00 2915.00 2949.00 2983.00 3017.00 3051.00 3085.00 3119.00 3153.00 3187.00 3221.00 3255.00 3289.00 3323.00 3357.00 3391.00 
-10.00 26.00 62.00 98.00 134.00 170.00 206.00 242.00 278.00 314.00 350.00 386.00 422.00 458.00 494.00 530.00 566.00 602.00 638.00 674.00 710.00 746.00 782.00 818.00 854.00 890.00 926.00 962.00 998.00 1034.00 1070.00 1106.00 1142.00 1178.00 1214.00 1250.00 1286.00 1322.00 1358.00 1394.00 1430.00 1466.00 1502.00 1538.00 1566.00 1601.00 1636.00 1671.00 1706.00 1741.00 1776.00 1811.00 1846.00 1881.00 1916.00 1951.00 1986.00 2021.00 2056.00 2091.00 2126.00 2161.00 2196.00 2231.00 2266.00 2301.00 2336.00 2371.00 2406.00 2441.00 2476.00 2511.00 2546.00 2581.00 2616.00 2651.00 2686.00 2721.00 2756.00 2791.00 2826.00 2861.00 2896.00 2931.00 2966.00 3001.00 3036.00 3071.00 3106.00 3141.00 3176.00 3211.00 3246.00 3281.00 3316.00 3351.00 3386.00 3421.00 3456.00 3491.00 
-10.00 27.00 64.00 101.00 138.00 175.00 212.00 249.00 286.00 323.00 360.00 397.00 434.00 471.00 508.00 545.00 582.00 619.00 656.00 693.00 730.00 767.00 804.00 841.00 878.00 915.00 952.00 989.00 1026.00 1063.00 1100.00 1137.00 1174.00 1211.00 1248.00 1285.00 1322.00 1359.00 1396.00 1433.00 1470.00 1507.00 1544.00 1581.00 1611.00 1647.00 1683.00 1719.00 1755.00 1791.00 1827.00 1863.00 1899.00 1935.00 1971.00 2007.00 2043.00 2079.00 2115.00 2151.00 2187.00 2223.00 2259.00 2295.00 2331.00 2367.00 2403.00 2439.00 2475.00 2511.00 2547.00 2583.00 2619.00 2655.00 2691.00 2727.00 2763.00 2799.00 2835.00 2871.00 2907.00 2943.00 2979.00 3015.00 3051.00 3087.00 3123.00 3159.00 3195.00 3231.00 3267.00 3303.00 3339.00 3375.00 3411.00 3447.00 3483.00 3519.00 3555.00 3591.00 
-10.00 28.00 66.00 104.00 142.00 180.00 218.00 256.00 294.00 332.00 370.00 408.00 446.00 484.00 522.00 560.00 598.00 636.00 674.00 712.00 750.00 788.00 826.00 864.00 902.00 940.00 978.00 1016.00 1054.00 1092.00 1130.00 1168.00 1206.00 1244.00 1282.00 1320.00 1358.00 1396.00 1434.00 1472.00 1510.00 1548.00 1586.00 1624.00 1656.00 1693.00 1730.00 1767.00 1804.00 1841.00 1878.00 1915.00 1952.00 1989.00 2026.00 2063.00 2100.00 2137.00 2174.00 2211.00 2248.00 2285.00 2322.00 2359.00 2396.00 2433.00 2470.00 2507.00 2544.00 2581.00 2618.00 2655.00 2692.00 2729.00 2766.00 2803.00 2840.00 2877.00 2914.00 2951.00 2988.00 3025.00 3062.00 3099.00 3136.00 3173.00 3210.00 3247.00 3284.00 3321.00 3358.00 3395.00 3432.00 3469.00 3506.00 3543.00 3580.00 3617.00 3654.00 3691.00 
-10.00 29.00 68.00 107.00 146.00 185.00 224.00 263.00 302.00 341.00 380.00 419.00 458.00 497.00 536.00 575.00 614.00 653.00 692.00 731.00 770.00 809.00 848.00 887.00 926.00 965.00 1004.00 1043.00 1082.00 1121.00 1160.00 1199.00 1238.00 1277.00 1316.00 1355.00 1394.00 1433.00 1472.00 1511.00 1550.00 1589.00 1628.00 1667.00 1701.00 1739.00 1777.00 1815.00 1853.00 1891.00 1929.00 1967.00 2005.00 2043.00 2081.00 2119.00 2157.00 2195.00 2233.00 2271.00 2309.00 2347.00 2385.00 2423.00 2461.00 2499.00 2537.00 2575.00 2613.00 2651.00 2689.00 2727.00 2765.00 2803.00 2841.00 2879.00 2917.00 2955.00 2993.00 3031.00 3069.00 3107.00 3145.00 3183.00 3221.00 3259.00 3297.00 3335.00 3373.00 3411.00 3449.00 3487.00 3525.00 3563.00 3601.00 3639.00 3677.00 3715.00 3753.00 3791.00 
-10.00 30.00 70.00 110.00 150.00 190.00 230.00 270.00 310.00 350.00 390.00 430.00 470.00 510.00 550.00 590.00 630.00 670.00 710.00 750.00 790.00 830.00 870.00 910.00 950.00 990.00 1030.00 1070.00 1110.00 1150.00 1190.00 1230.00 1270.00 1310.00 1350.00 1390.00 1430.00 1470.00 1510.00 1550.00 1590.00 1630.00 1670.00 1710.00 1746.00 1785.00 1824.00 1863.00 1902.00 1941.00 1980.00 2019.00 2058.00 2097.00 2136.00 2175.00 2214.00 2253.00 2292.00 2331.00 2370.00 2409.00 2448.00 2487.00 2526.00 2565.00 2604.00 2643.00 2682.00 2721.00 2760.00 2799.00 2838.00 2877.00 2916.00 2955.00 2994.00 3033.00 3072.00 3111.00 3150.00 3189.00 3228.00 3267.00 3306.00 3345.00 3384.00 3423.00 3462.00 3501.00 3540.00 3579.00 3618.00 3657.00 3696.00 3735.00 3774.00 3813.00 3852.00 3891.00 
-10.00 31.00 72.00 113.00 154.00 195.00 236.00 277.00 318.00 359.00 400.00 441.00 482.00 523.00 564.00 605.00 646.00 687.00 728.00 769.00 810.00 851.00 892.00 933.00 974.00 1015.00 1056.00 1097.00 1138.00 1179.00 1220.00 1261.00 1302.00 1343.00 1384.00 1425.00 1466.00 1507.00 1548.00 1589.00 1630.00 1671.00 1712.00 1753.00 1791.00 1831.00 1871.00 1911.00 1951.00 1991.00 2031.00 2071.00 2111.00 2151.00 2191.00 2231.00 2271.00 2311.00 2351.00 2391.00 2431.00 2471.00 2511.00 2551.00 2591.00 2631.00 2671.00 2711.00 2751.00 2791.00 2831.00 2871.00 2911.00 2951.00 2991.00 3031.00 3071.00 3111.00 3151.00 3191.00 3231.00 3271.00 3311.00 3351.00 3391.00 3431.00 3471.00 3511.00 3551.00 3591.00 3631.00 3671.00 3711.00 3751.00 3791.00 3831.00 3871.00 3911.00 3951.00 3991.00 
-10.00 32.00 74.00 116.00 158.00 200.00 242.00 284.00 326.00 368.00 410.00 452.00 494.00 536.00 578.00 620.00 662.00 704.00 746.00 788.00 830.00 872.00 914.00 956.00 998.00 1040.00 1082.00 1124.00 1166.00 1208.00 1250.00 1292.00 1334.00 1376.00 1418.00 1460.00 1502.00 1544.00 1586.00 1628.00 1670.00 1712.00 1754.00 1796.00 1836.00 1877.00 1918.00 1959.00 2000.00 2041.00 2082.00 2123.00 2164.00 2205.00 2246.00 2287.00 2328.00 2369.00 2410.00 2451.00 2492.00 2533.00 2574.00 2615.00 2656.00 2697.00 2738.00 2779.00 2820.00 2861.00 2902.00 2943.00 2984.00 3025.00 3066.00 3107.00 3148.00 3189.00 3230.00 3271.00 3312.00 3353.00 3394.00 3435.00 3476.00 3517.00 3558.00 3599.00 3640.00 3681.00 3722.00 3763.00 3804.00 3845.00 3886.00 3927.00 3968.00 4009.00 4050.00 4091.00 
-10.00 33.00 76.00 119.00 162.00 205.00 248.00 291.00 334.00 377.00 420.00 463.00 506.00 549.00 592.00 635.00 678.00 721.00 764.00 807.00 850.00 893.00 936.00 979.00 1022.00 1065.00 1108.00 1151.00 1194.00 1237.00 1280.00 1323.00 1366.00 1409.00 1452.00 1495.00 1538.00 1581.00 1624.00 1667.00 1710.00 1753.00 1796.00 1839.00 1881.00 1923.00 1965.00 2007.00 2049.00 2091.00 2133.00 2175.00 2217.00 2259.00 2301.00 2343.00 2385.00 2427.00 2469.00 2511.00 2553.00 2595.00 2637.00 2679.00 2721.00 2763.00 2805.00 2847.00 2889.00 2931.00 2973.00 3015.00 3057.00 3099.00 3141.00 3183.00 3225.00 3267.00 3309.00 3351.00 3393.00 3435.00 3477.00 3519.00 3561.00 3603.00 3645.00 3687.00 3729.00 3771.00 3813.00 3855.00 3897.00 3939.00 3981.00 4023.00 4065.00 4107.00 4149.00 4191.00 
-10.00 34.00 78.00 122.00 166.00 210.00 254.00 298.00 342.00 386.00 430.00 474.00 518.00 562.00 606.00 650.00 694.00 738.00 782.00 826.00 870.00 914.00 958.00 1002.00 1046.00 1090.00 1134.00 1178.00 1222.00 1266.00 1310.00 1354.00 1398.00 1442.00 1486.00 1530.00 1574.00 1618.00 1662.00 1706.00 1750.00 1794.00 1838.00 1882.00 1926.00 1970.00 2014.00 2058.00 2102.00 2146.00 2190.00 2234.00 2278.00 2322.00 2366.00 2410.00 2454.00 2498.00 2528.00 2571.00 2614.00 2657.00 2700.00 2743.00 2786.00 2829.00 2872.00 2915.00 2958.00 3001.00 3044.00 3087.00 3130.00 3173.00 3216.00 3259.00 3302.00 3345.00 3388.00 3431.00 3474.00 3517.00 3560.00 3603.00 3646.00 3689.00 3732.00 3775.00 3818.00 3861.00 3904.00 3947.00 3990.00 4033.00 4076.00 4119.00 4162.00 4205.00 4248.00 4291.00 
-10.00 35.00 80.00 125.00 170.00 215.00 260.00 305.00 350.00 395.00 440.00 485.00 530.00 575.00 620.00 665.00 710.00 755.00 800.00 845.00 890.00 935.00 980.00 1025.00 1070.00 1115.00 1160.00 1205.00 1250.00 1295.00 1340.00 1385.00 1430.00 1475.00 1520.00 1565.00 1610.00 1655.00 1700.00 1745.00 1790.00 1835.00 1880.00 1925.00 1970.00 2015.00 2060.00 2105.00 2150.00 2195.00 2240.00 2285.00 2330.00 2375.00 2420.00 2465.00 2510.00 2555.00 2587.00 2631.00 2675.00 2719.00 2763.00 2807.00 2851.00 2895.00 2939.00 2983.00 3027.00 3071.00 3115.00 3159.00 3203.00 3247.00 3291.00 3335.00 3379.00 3423.00 3467.00 3511.00 3555.00 3599.00 3643.00 3687.00 3731.00 3775.00 3819.00 3863.00 3907.00 3951.00 3995.00 4039.00 4083.00 4127.00 4171.00 4215.00 4259.00 4303.00 4347.00 4391.00 
-10.00 36.00 82.00 128.00 174.00 220.00 266.00 312.00 358.00 404.00 450.00 496.00 542.00 588.00 634.00 680.00 726.00 772.00 818.00 864.00 910.00 956.00 1002.00 1048.00 1094.00 1140.00 1186.00 1232.00 1278.00 1324.00 1370.00 1416.00 1462.00 1508.00 1554.00 1600.00 1646.00 1692.00 1738.00 1784.00 1830.00 1876.00 1922.00 1968.00 2014.00 2060.00 2106.00 2152.00 2198.00 2244.00 2290.00 2336.00 2382.00 2428.00 2474.00 2520.00 2566.00 2612.00 2646.00 2691.00 2736.00 2781.00 2826.00 2871.00 2916.00 2961.00 3006.00 3051.00 3096.00 3141.00 3186.00 3231.00 3276.00 3321.00 3366.00 3411.00 3456.00 3501.00 3546.00 3591.00 3636.00 3681.00 3726.00 3771.00 3816.00 3861.00 3906.00 3951.00 3996.00 4041.00 4086.00 4131.00 4176.00 4221.00 4266.00 4311.00 4356.00 4401.00 4446.00 4491.00 
-10.00 37.00 84.00 131.00 178.00 225.00 272.00 319.00 366.00 413.00 460.00 507.00 554.00 601.00 648.00 695.00 742.00 789.00 836.00 883.00 930.00 977.00 1024.00 1071.00 1118.00 1165.00 1212.00 1259.00 1306.00 1353.00 1400.00 1447.00 1494.00 1541.00 1588.00 1635.00 1682.00 1729.00 1776.00 1823.00 1870.00 1917.00 1964.00 2011.00 2058.00 2105.00 2152.00 2199.00 2246.00 2293.00 2340.00 2387.00 2434.00 2481.00 2528.00 2575.00 2622.00 2669.00 2705.00 2751.00 2797.00 2843.00 2889.00 2935.00 2981.00 3027.00 3073.00 3119.00 3165.00 3211.00 3257.00 3303.00 3349.00 3395.00 3441.00 3487.00 3533.00 3579.00 3625.00 3671.00 3717.00 3763.00 3809.00 3855.00 3901.00 3947.00 3993.00 4039.00 4085.00 4131.00 4177.00 4223.00 4269.00 4315.00 4361.00 4407.00 4453.00 4499.00 4545.00 4591.00 
-10.00 38.00 86.00 134.00 182.00 230.00 278.00 326.00 374.00 422.00 470.00 518.00 566.00 614.00 662.00 710.00 758.00 806.00 854.00 902.00 950.00 998.00 1046.00 1094.00 1142.00 1190.00 1238.00 1286.00 1334.00 1382.00 1430.00 1478.00 1526.00 1574.00 1622.00 1670.00 1718.00 1766.00 1814.00 1862.00 1910.00 1958.00 2006.00 2054.00 2102.00 2150.00 2198.00 2246.00 2294.00 2342.00 2390.00 2438.00 2486.00 2534.00 2582.00 2630.00 2678.00 2726.00 2764.00 2811.00 2858.00 2905.00 2952.00 2999.00 3046.00 3093.00 3140.00 3187.00 3234.00 3281.00 3328.00 3375.00 3422.00 3469.00 3516.00 3563.00 3610.00 3657.00 3704.00 3751.00 3798.00 3845.00 3892.00 3939.00 3986.00 4033.00 4080.00 4127.00 4174.00 4221.00 4268.00 4315.00 4362.00 4409.00 4456.00 4503.00 4550.00 4597.00 4644.00 4691.00 
-10.00 39.00 88.00 137.00 186.00 235.00 284.00 333.00 382.00 431.00 480.00 529.00 578.00 627.00 676.00 725.00 774.00 823.00 872.00 921.00 970.00 1019.00 1068.00 1117.00 1166.00 1215.00 1264.00 1313.00 1362.00 1411.00 1460.00 1509.00 1558.00 1607.00 1656.00 1705.00 1754.00 1803.00 1852.00 1901.00 1950.00 1999.00 2048.00 2097.00 2146.00 2195.00 2244.00 2293.00 2342.00 2391.00 2440.00 2489.00 2538.00 2587.00 2636.00 2685.00 2734.00 2783.00 2823.00 2871.00 2919.00 2967.00 3015.00 3063.00 3111.00 3159.00 3207.00 3255.00 3303.00 3351.00 3399.00 3447.00 3495.00 3543.00 3591.00 3639.00 3687.00 3735.00 3783.00 3831.00 3879.00 3927.00 3975.00 4023.00 4071.00 4119.00 4167.00 4215.00 4263.00 4311.00 4359.00 4407.00 4455.00 4503.00 4551.00 4599.00 4647.00 4695.00 4743.00 4791.00 
-10.00 40.00 90.00 140.00 190.00 240.00 290.00 340.00 390.00 440.00 490.00 540.00 590.00 640.00 690.00 740.00 790.00 840.00 890.00 940.00 990.00 1040.00 1090.00 1140.00 1190.00 1240.00 1290.00 1340.00 1390.00 1440.00 1490.00 1540.00 1590.00 1640.00 1690.00 1740.00 1790.00 1840.00 1890.00 1940.00 1990.00 2040.00 2090.00 2140.00 2190.00 2240.00 2290.00 2340.00 2390.00 2440.00 2490.00 2540.00 2590.00 2640.00 2690.00 2740.00 2790.00 2840.00 2882.00 2931.00 2980.00 3029.00 3078.00 3127.00 3176.00 3225.00 3274.00 3323.00 3372.00 3421.00 3470.00 3519.00 3568.00 3617.00 3666.00 3715.00 3764.00 3813.00 3862.00 3911.00 3960.00 4009.00 4058.00 4107.00 4156.00 4205.00 4254.00 4303.00 4352.00 4401.00 4450.00 4499.00 4548.00 4597.00 4646.00 4695.00 4744.00 4793.00 4842.00 4891.00 
-10.00 41.00 92.00 143.00 194.00 245.00 296.00 347.00 398.00 449.00 500.00 551.00 602.00 653.00 704.00 755.00 806.00 857.00 908.00 959.00 1010.00 1061.00 1112.00 1163.00 1214.00 1265.00 1316.00 1367.00 1418.00 1469.00 1520.00 1571.00 1622.00 1673.00 1724.00 1775.00 1826.00 1877.00 1928.00 1979.00 2030.00 2081.00 2132.00 2183.00 2234.00 2285.00 2336.00 2387.00 2438.00 2489.00 2540.00 2591.00 2642.00 2693.00 2744.00 2795.00 2846.00 2897.00 2941.00 2991.00 3041.00 3091.00 3141.00 3191.00 3241.00 3291.00 3341.00 3391.00 3441.00 3491.00 3541.00 3591.00 3641.00 3691.00 3741.00 3791.00 3841.00 3891.00 3941.00 3991.00 4041.00 4091.00 4141.00 4191.00 4241.00 4291.00 4341.00 4391.00 4441.00 4491.00 4541.00 4591.00 4641.00 4691.00 4741.00 4791.00 4841.00 4891.00 4941.00 4991.00 
-10.00 42.00 94.00 146.00 198.00 250.00 302.00 354.00 406.00 458.00 510.00 562.00 614.00 666.00 718.00 770.00 822.00 874.00 926.00 978.00 1030.00 1082.00 1134.00 1186.00 1238.00 1290.00 1342.00 1394.00 1446.00 1498.00 1550.00 1602.00 1654.00 1706.00 1758.00 1810.00 1862.00 1914.00 1966.00 2018.00 2070.00 2122.00 2174.00 2226.00 2278.00 2330.00 2382.00 2434.00 2486.00 2538.00 2590.00 2642.00 2694.00 2746.00 2798.00 2850.00 2902.00 2954.00 3000.00 3051.00 3102.00 3153.00 3204.00 3255.00 3306.00 3357.00 3408.00 3459.00 3510.00 3561.00 3612.00 3663.00 3714.00 3765.00 3816.00 3867.00 3918.00 3969.00 4020.00 4071.00 4122.00 4173.00 4224.00 4275.00 4326.00 4377.00 4428.00 4479.00 4530.00 4581.00 4632.00 4683.00 4734.00 4785.00 4836.00 4887.00 4938.00 4989.00 5040.00 5091.00 
-10.00 43.00 96.00 149.00 202.00 255.00 308.00 361.00 414.00 467.00 520.00 573.00 626.00 679.00 732.00 785.00 838.00 891.00 944.00 997.00 1050.00 1103.00 1156.00 1209.00 1262.00 1315.00 1368.00 1421.00 1474.00 1527.00 1580.00 1633.00 1686.00 1739.00 1792.00 1845.00 1898.00 1951.00 2004.00 2057.00 2110.00 2163.00 2216.00 2269.00 2322.00 2375.00 2428.00 2481.00 2534.00 2587.00 2640.00 2693.00 2746.00 2799.00 2852.00 2905.00 2958.00 3011.00 3059.00 3111.00 3163.00 3215.00 3267.00 3319.00 3371.00 3423.00 3475.00 3527.00 3579.00 3631.00 3683.00 3735.00 3787.00 3839.00 3891.00 3943.00 3995.00 4047.00 4099.00 4151.00 4203.00 4255.00 4307.00 4359.00 4411.00 4463.00 4515.00 4567.00 4619.00 4671.00 4723.00 4775.00 4827.00 4879.00 4931.00 4983.00 5035.00 5087.00 5139.00 5191.00 
